Número aleatorio: 1047
Rango: 0-3141
Hay :1047
OK
main chain size 1044
Absents: 0 3121 3133 
2700 24 786 916 1288 411 550 106 1146 671 2613 329 1043 1948 450 50 2465 755 1690 2563 317 924 2277 1501 2038 791 1508 1812 160 288 520 2657 3099 2208 989 2389 2256 1306 700 2695 138 844 420 970 362 2089 821 2736 2477 1644 1932 1515 1373 134 91 47 2874 1161 1036 1479 83 393 2164 49 712 1603 615 3123 2775 1180 2980 758 1142 1810 2999 1291 3019 1559 121 1670 81 2921 1999 1459 1359 1139 2516 1493 2236 1512 2752 2973 684 3042 26 285 465 756 2632 2215 1538 1429 2542 1245 103 1747 1115 2560 1967 969 711 548 686 2503 2835 992 82 2096 2499 954 2466 1400 509 295 1355 1841 1693 1013 1405 3136 2262 1588 1972 2732 2892 2692 1269 1357 2395 1680 2189 2335 1048 1398 278 578 2706 2974 2483 978 3130 221 1807 2589 1632 1958 2410 2694 1507 728 140 3119 597 1009 2631 1192 2374 2803 1589 126 456 1658 2423 2246 351 592 2963 2393 857 877 3108 2014 1907 633 2485 1601 1655 1827 1580 3138 1520 1271 2972 2250 142 2044 177 2173 2180 630 383 1753 1652 444 1510 2210 438 890 2399 576 2093 1476 2157 3030 354 3135 2687 1026 2191 2281 0 2413 2299 165 2402 435 689 1244 79 899 948 2978 107 1945 965 1095 1934 2806 1437 1795 1555 59 1768 2462 1738 1246 2634 1226 135 2375 442 2202 1757 2500 302 387 1212 2965 658 3110 1853 1930 281 2645 65 269 5 663 556 2608 2852 1654 2573 573 3114 1252 1474 2132 848 852 990 1869 1068 2575 2905 1751 2428 1735 1995 427 840 101 1296 1104 233 901 825 245 2181 1985 867 1986 2757 266 1918 661 2023 2000 2598 1030 1663 360 708 612 2219 1122 2564 2723 536 193 2420 2449 866 1797 1734 2531 2156 2217 3003 1261 2586 846 958 1198 2177 1231 2845 1887 1465 2710 1021 2070 145 1606 623 668 1494 2888 1070 2620 3031 2019 1826 883 513 1667 342 272 512 3131 2733 2142 582 2353 98 1746 1097 2196 1050 3065 907 2267 118 746 1910 2697 1646 2644 1130 1856 397 3141 953 457 2679 2528 1534 1830 2664 241 2566 301 343 2637 2858 591 3096 180 3086 1322 3100 2418 3140 1656 1505 1345 1019 2760 1814 2616 1094 1492 2291 2056 1888 1881 539 1312 2286 287 1819 2904 154 1062 257 192 234 647 1323 1191 2548 356 169 2975 3084 1572 2074 1840 2224 1750 426 1458 2150 197 97 1962 1899 2060 738 1590 3075 2621 1100 2249 2844 696 1365 2394 1859 3021 1125 2385 905 1700 1745 394 1937 2205 1607 3060 2292 985 3025 1824 3112 803 698 2524 2161 933 1576 595 320 2387 770 1229 1980 3032 2879 1366 1868 1792 66 977 1339 202 1577 1335 2784 807 2765 1487 218 1894 1811 1342 492 2083 2882 2529 2495 1441 1382 1599 2276 714 823 227 827 1318 2662 2976 27 471 293 2247 2350 172 3006 674 1756 2085 2648 2005 2915 1025 2777 1802 270 1996 1362 1565 1286 204 2990 1893 1480 70 1591 3057 1005 1626 2871 3047 1836 1706 666 2306 768 3040 2172 2178 188 2702 479 1431 2365 2780 319 425 2396 900 1293 3035 1266 2140 2726 3092 1313 1783 45 1193 2966 1268 551 2433 1017 2068 1714 2245 579 2359 2970 2126 525 2259 1178 246 956 2824 1237 2592 1184 971 1334 2339 294 2088 480 2390 1988 2043 1941 2331 1012 1010 1257 1885 3083 1748 1608 1369 644 2103 627 51 2280 2469 2673 835 2419 1531 1256 750 1571 1968 2190 2184 1119 291 2525 2964 2962 3079 2432 986 518 2090 1378 1376 468 64 2625 726 2781 379 137 263 2682 1635 2686 2907 1208 2170 141 631 1628 88 874 1274 1083 2227 1297 824 86 1640 2671 1759 38 2953 2599 132 1551 2802 2739 2815 1736 235 1661 730 2778 25 434 416 1921 1047 790 73 2361 731 1135 2689 1385 443 1136 546 1500 359 496 2315 1447 675 2117 1211 694 1344 617 224 2713 1309 1347 280 863 3016 276 3005 2642 1004 414 1240 2831 2047 3121 2319 3067 39 2338 2514 2222 2816 3063 2960 2488 639 439 2933 1613 328 2386 2391 1716 1073 2782 2770 43 2725 1223 94 1166 2748 1134 906 1177 2704 1892 2898 1140 1740 2799 769 1825 1350 2225 3008 660 640 669 1614 2240 930 2221 1922 1046 2747 1666 2293 2041 692 1061 1015 736 1604 2440 557 1578 2793 2957 963 2166 642 1202 687 3001 2841 1992 1671 732 2622 69 1238 932 2406 1127 3038 2384 327 1855 701 1889 1741 2552 2859 2352 664 2927 262 974 638 2407 919 122 2762 1069 238 2918 453 1052 1325 868 1908 3061 1673 2099 1317 2355 927 709 2897 600 1845 1182 2439 800 552 2125 3124 315 776 2312 1038 2881 1536 2512 2998 1410 1241 1377 1151 1393 2037 3073 2558 1560 2116 2674 624 2115 2027 1519 2301 2020 3133 2906 1401 1351 1450 2992 2833 3028 1642 35 87 2577 349 371 1332 1426 517 1397 1190 2880 2062 1947 1616 2814 2931 2582 2520 1917 1044 151 1204 112 2887 2646 1236 1665 432 568 2283 2580 554 2073 2754 1427 2624 1647 811 2729 2165 2537 1605 170 23 1815 2557 284 378 1273 1002 1557 1001 385 2952 1413 1023 1689 1715 923 1333 2850 474 1523 2596 2538 2057 1643 739 1478 1524 2504 2614 904 3081 2006 2422 1381 2661 1110 2627 2864 1530 505 2670 2446 1338 99 2182 89 353 526 127 2284 108 421 1092 1251 157 2895 366 1214 581 1156 2720 1686 267 2817 636 2924 1328 1586 1596 1403 2430 3044 2342 1938 2496 2484 1545 1263 887 1828 369 11 3036 15 2030 210 2211 3041 2158 1221 2651 1461 1424 1087 2839 375 2288 1914 1943 683 558 1743 690 999 946 2717 467 3122 1847 56 377 881 3045 1315 
--------------------------------------------
Número aleatorio: 2888
Rango: 0-8664
Hay :2888
OK
main chain size 2888
--------------------------------------------
Número aleatorio: 159
Rango: 0-477
Hay :159
OK
main chain size 157
Absents: 460 475 
424 199 39 241 136 224 123 143 427 240 327 186 272 76 214 316 320 43 163 157 92 93 94 26 150 291 1 77 22 235 164 426 457 404 367 366 18 218 90 420 165 75 400 381 363 96 364 83 2 334 60 20 392 266 46 376 390 275 201 154 278 436 371 59 10 138 28 5 326 296 121 236 456 174 352 37 176 351 99 114 48 183 401 62 323 169 475 117 315 319 384 88 142 167 261 41 267 331 68 382 378 232 430 144 23 33 141 3 321 374 91 460 446 301 194 397 444 305 414 206 268 318 356 17 249 49 358 156 407 466 467 297 98 58 474 242 329 229 454 349 213 441 11 277 70 353 451 192 458 282 166 453 258 368 409 189 419 228 299 
--------------------------------------------
Número aleatorio: 986
Rango: 0-2958
Hay :986
OK
main chain size 987
Duplicates: 2956 
2844 875 724 820 1042 173 2657 2113 798 635 428 519 1846 2695 1887 501 668 264 96 2409 2414 1412 182 900 1898 102 1915 2181 1657 1400 1328 2548 101 610 789 901 978 2368 2859 2460 2452 982 546 1086 2618 1970 868 2448 1929 461 2580 1918 3 2224 2342 453 1807 2038 2956 1989 424 2794 931 2085 2125 293 434 2855 2661 796 2457 1105 750 152 340 75 905 484 536 2363 829 2564 430 1573 2017 359 2901 27 2856 65 2486 160 1808 2690 683 1934 1479 1806 1170 1621 2902 2116 2425 2851 1395 891 1988 57 1993 123 1318 544 1665 734 1763 535 834 2876 197 1795 1980 2103 282 2016 755 1129 2282 2028 271 559 2150 1933 116 2078 1157 2451 2329 2560 2370 2047 1275 2173 1942 232 354 2026 684 1111 1354 2831 2807 785 656 1124 1788 425 510 121 504 2941 2889 2814 1336 136 2627 1279 548 2164 2525 2314 204 782 2514 2240 1257 44 1439 1891 375 1680 16 1776 728 1778 2160 1061 592 644 1137 290 681 447 889 807 407 1964 2710 2040 2865 2543 1544 727 1088 1158 1857 1206 326 793 1526 1260 2394 2272 462 327 766 2146 2754 761 1024 2086 649 2914 1684 2868 2793 2872 1687 2054 190 1595 342 1356 1977 1813 2374 2873 2045 648 985 246 1394 2203 1060 2608 611 2523 476 274 815 263 494 502 1373 1450 1307 1164 2297 2337 851 2225 2384 525 108 2887 1923 1199 940 674 1610 505 1312 944 377 1213 243 2577 1677 873 1404 1711 717 2524 189 2194 1922 1570 800 1909 1420 1442 927 2609 1069 1899 1830 2720 526 2528 21 1709 2290 1096 655 1759 1502 2832 2186 1614 817 935 1250 1168 541 2751 2228 1844 382 2020 420 2201 1819 589 1753 1866 1087 1912 893 103 1766 1919 2819 1177 2510 2579 1824 690 2330 339 2634 2035 553 1690 2083 654 2175 2395 1166 1269 1559 719 1125 335 2584 2167 1925 2179 2357 1781 523 1104 1719 1791 1603 941 2607 1077 125 2529 1192 332 2213 1730 743 1309 578 1818 828 488 545 769 2782 2064 1958 2925 1344 1545 2597 2202 107 1745 1560 23 381 1313 1599 2002 739 1698 1443 1409 2108 1829 2539 30 2477 1747 2815 1756 2163 468 2823 1978 1365 2080 2271 2518 2371 534 1113 2734 1029 640 1718 1418 1755 1796 1983 2323 1640 2318 2233 1972 1249 2426 2218 1567 1514 409 2165 2842 2405 2522 1186 1229 2392 1128 1565 2411 694 590 1661 1283 2112 746 708 1571 1672 2295 2455 2490 170 1641 363 2235 2639 2717 1768 2197 894 2011 2651 47 1376 1103 819 2488 437 1713 1979 906 626 830 1535 1563 1071 2466 2399 1449 2072 315 2722 1323 1579 2527 1145 2400 2909 1432 2288 294 72 304 2666 144 2619 195 852 2605 114 1969 2671 974 1189 2904 884 802 1594 551 1683 449 1319 958 2348 2361 34 1936 946 784 1775 68 119 1550 2041 2100 411 350 623 704 2728 1956 2139 2943 2269 1119 2210 923 1937 2620 2320 1757 206 1190 609 365 2390 898 848 2946 2339 869 183 2590 1564 2595 1868 2036 234 1456 1116 1466 1527 376 137 2331 2810 705 1331 2019 303 729 1292 169 1020 1556 1532 2629 2427 1006 2506 2785 64 2654 301 2319 1729 1410 2106 2886 310 100 336 2688 2291 607 1531 720 2532 2031 1184 2847 1966 2897 2084 1278 2866 2633 1284 2415 999 1653 2697 1862 1228 2570 1834 2099 439 2769 330 959 737 1121 861 1503 692 2702 485 1341 1622 1849 2327 1744 659 2433 1670 2261 1973 408 1290 436 2193 39 680 1673 2251 186 1046 2575 2860 1884 165 110 2216 1686 2252 857 2148 129 1842 2951 1286 1248 816 1706 1541 1023 2798 2029 1464 1650 2735 1910 582 2738 2673 2053 517 1769 11 2095 2888 639 1593 1750 1035 2677 2903 2187 1150 1398 1264 2771 1048 391 2441 2463 1246 442 1987 1551 1838 278 788 2345 2853 2300 1112 1984 1623 1270 91 2698 666 1489 2692 2380 299 833 1030 46 270 1427 192 706 563 1451 984 1321 217 1253 1992 450 1582 2158 168 1699 2317 1049 141 627 2298 1975 191 2088 1218 1908 738 1245 212 2797 1629 976 283 456 2189 2923 1785 1436 1490 2890 2250 2360 1804 2681 979 530 1352 1872 506 962 1732 1391 2001 899 477 134 1651 2285 1147 355 916 223 1953 2670 62 1205 1572 1701 161 2022 2737 1733 2567 2149 473 1447 912 395 1647 481 1491 2933 76 56 2774 1642 1293 2600 955 181 2647 1308 2199 1986 435 210 1944 2746 2485 1377 812 747 687 870 1379 1626 2650 2615 858 351 1397 178 963 1825 2274 1480 2545 1832 1380 2021 2355 1094 334 1871 115 393 77 2803 2684 2049 2221 691 2884 1073 2775 1797 2642 2594 2516 219 1468 465 1947 2877 390 716 2610 811 1518 1864 277 1026 1408 776 1685 2796 2743 2231 1702 338 2765 2309 2606 1402 1434 1520 1543 2665 826 1874 1233 2027 618 1636 1954 1547 595 220 2947 604 1438 1940 1662 693 2691 540 147 2468 313 2509 2472 426 1914 203 1044 361 2723 1837 1855 1703 512 12 1360 2479 1120 1414 1226 2255 158 418 897 904 583 1779 2328 1845 201 345 2929 2398 2725 2800 1562 1040 1772 300 196 2501 1634 1496 1840 1055 1481 1415 1310 205 1504 1478 2198 2480 2056 1303 2497 2913 909 1484 1011 638 480 1536 855 1384 2196 1705 4 2921 
--------------------------------------------
Número aleatorio: 551
Rango: 0-1653
Hay :551
OK
main chain size 548
Absents: 0 1648 1652 
771 425 835 98 729 890 950 1500 624 1491 1234 310 229 949 121 348 477 709 1167 358 1119 794 852 303 1371 1433 1400 716 1148 473 610 100 969 1320 538 1118 488 780 181 1140 347 1617 81 728 614 246 848 1315 1549 34 120 947 1058 141 1100 1009 817 1512 153 1209 1623 480 874 389 1084 1348 451 1202 1404 641 1223 1531 571 751 1078 1253 1561 1501 555 694 274 670 422 929 625 272 760 1635 1130 1363 1268 964 896 782 519 521 1252 256 683 447 783 5 592 799 16 471 1239 1573 1190 1289 1419 1101 737 390 802 1109 1441 1074 1019 1625 203 1016 263 54 506 976 232 1574 589 1171 172 758 74 904 1414 158 1503 179 155 621 756 1539 1076 251 1565 89 1050 254 898 762 1221 977 992 1405 1231 1111 157 1063 1091 841 1270 1290 167 1650 725 70 659 1254 185 1480 338 617 1373 573 1090 262 1133 1413 322 418 486 341 871 1243 596 1430 1477 79 1450 240 1046 867 616 515 735 1138 1143 942 770 1523 1062 300 336 987 202 1610 1432 1643 1260 855 307 703 1590 1516 763 685 800 15 627 1018 1595 351 130 666 677 1325 1107 138 1336 214 532 1543 435 1402 953 1393 769 1145 1041 357 1359 914 193 1022 960 1108 708 48 1545 883 1129 1263 1490 777 844 1032 359 1121 587 30 1522 257 1300 346 1183 1389 271 1456 1065 711 1087 1392 331 1213 1125 342 957 1472 247 1158 183 361 846 1203 116 102 1458 1436 634 317 1161 876 13 175 400 67 6 84 1448 1027 788 1230 972 96 879 368 31 452 1639 1566 1249 1244 553 1648 174 55 1044 1621 1329 72 192 897 1324 1026 106 1276 1550 223 1152 1645 661 721 165 1461 595 1165 1386 819 1331 1631 475 286 1379 990 1256 873 1536 210 615 676 851 1077 258 281 1321 548 1020 1452 340 45 33 465 1225 124 971 1064 804 1248 797 315 1403 1267 454 1208 582 940 1555 1309 47 1471 1502 20 719 1537 1420 1369 1093 545 1509 323 1551 1589 704 231 787 1562 85 395 549 1086 420 370 115 861 635 765 1451 626 318 1023 660 1181 584 1328 643 1544 663 1144 888 360 678 248 23 1652 1212 1082 1585 237 456 1428 731 1384 516 1312 1288 525 215 537 186 1376 1637 1552 1273 253 1398 145 114 1301 1123 978 384 122 1176 658 724 180 32 692 1569 1489 1381 1597 1507 1047 411 220 441 779 633 1410 1024 113 1094 1194 1446 233 1038 1372 697 1201 860 1508 276 1095 212 550 991 911 170 612 963 21 1056 378 1377 290 1177 76 458 1224 99 938 743 133 433 838 1588 664 1199 1524 986 295 619 1596 0 178 1098 35 362 556 997 1191 77 690 836 356 891 280 393 646 814 1626 1628 959 1156 936 387 1153 339 1200 1498 283 417 1332 65 655 142 194 398 163 1528 
--------------------------------------------
Número aleatorio: 2010
Rango: 0-6030
Hay :2010
OK
main chain size 2011
Duplicates: 6030 
1074 3883 1722 3576 6019 3688 656 321 688 1853 769 5151 2853 2330 2030 4281 1338 5900 449 1623 4118 224 787 2406 2987 5244 624 3855 5273 4116 3701 4941 835 4525 147 4961 1040 2127 59 2599 581 457 976 3454 2743 4158 5569 2569 921 4079 973 5475 3238 6011 953 660 298 6003 3758 3556 4121 4592 4937 5442 2522 3478 4204 5518 2963 3317 521 3020 904 5331 73 2398 1235 5905 2121 4664 3190 1139 5541 1090 1575 1858 1597 1232 3926 2939 2087 789 5641 725 2878 405 5978 1168 4075 5600 1287 2716 1155 1780 5812 3531 3941 1160 5361 5961 3895 2029 2701 3933 4562 5931 1897 2648 5149 5121 2532 1072 5414 5700 2784 3528 5330 5452 967 3591 2480 5839 697 932 918 1687 2541 232 2251 275 5910 3161 4474 3046 5955 791 2051 3109 5211 4430 1907 2105 4390 952 5637 1019 55 1001 6016 3134 4223 4206 5208 25 1300 5058 5834 6008 1321 4728 5990 2858 3445 4270 4217 3915 5290 444 3852 3110 5418 2526 4449 2547 3997 236 3949 5460 4142 1949 2949 1156 5634 4007 1096 727 2189 2758 3392 3155 667 5367 1005 2147 811 4243 2407 5788 1741 1736 3972 83 1772 319 897 1059 555 3397 5427 2273 3090 5674 3765 47 5426 5021 4039 2442 430 5506 5349 1881 1719 4505 844 3483 4973 4783 712 4287 2465 5466 1133 3971 485 5061 2123 762 2427 4842 343 117 448 4005 2449 1461 2797 755 276 4225 3037 1285 775 4965 3486 2780 135 5305 249 297 4939 5566 4896 2366 2892 1863 1517 876 2883 3168 4859 5585 3097 2751 310 5339 5325 2573 3052 2631 3609 4100 4698 394 1244 4416 2634 809 5957 2729 3601 5126 627 5069 461 2607 385 402 5261 6030 1775 2850 1720 1079 4711 1043 1194 1208 288 1999 3297 4450 74 2572 299 1573 62 5655 3934 2849 1150 2134 3632 3380 5534 1391 6029 3846 5293 2327 4373 4141 87 1966 3184 1345 239 1494 14 3172 5705 1691 3372 2796 3821 5162 4514 5608 3112 2624 2481 2635 3399 1299 484 152 5893 1462 5272 3548 5941 229 2904 1819 5387 4947 4486 3107 1261 4944 2124 2597 2693 728 2384 103 5270 1806 4327 2400 3811 4295 2606 877 1466 3822 1800 3067 3554 1217 10 1784 3178 2358 3670 3361 5406 6022 3315 5667 2767 5664 5872 2652 1255 1732 4448 4860 3667 1590 4259 4545 2160 4194 2832 5985 3945 4372 2799 1817 1840 3305 2957 4478 2027 968 1566 5171 3501 3347 226 2593 4341 596 1705 4215 5751 510 1509 2505 3152 3956 5368 1031 2362 3653 4380 2301 3492 825 3328 233 544 3307 4094 3504 1886 590 2252 5240 3819 108 2921 1527 708 2039 2031 384 4542 5301 524 3041 1683 5516 1106 958 611 4137 2477 770 4146 2303 3566 3102 3737 1690 1175 655 551 1974 4811 3263 1882 3323 146 5278 2941 757 215 1065 3422 2823 1097 1302 5666 657 5095 5378 3287 890 1665 3409 4914 3986 1973 4424 5752 4656 1657 5721 4587 979 5810 4930 4800 903 1523 4972 2720 5164 829 3599 2936 5718 4409 3569 3503 2163 1888 1010 3344 1229 2723 693 1355 2910 258 3561 1751 3095 419 4500 4139 4499 1738 1848 5749 5795 4684 5135 2841 2857 1182 745 2139 1333 8 5870 4814 3414 2015 64 2230 2402 5645 1617 723 427 1241 2773 1263 2387 5639 116 4298 1174 2457 3014 101 1195 549 5099 5509 5147 1550 2126 4180 2688 1551 3698 3077 1935 323 3784 1959 5001 4759 4522 5846 4136 3177 4654 5024 2497 1748 76 3159 5489 290 4064 3776 5836 1432 4148 2673 4670 1560 3206 5703 1903 1486 839 1278 5593 2951 5605 1660 1533 3412 4269 1239 5586 2324 4131 4917 1500 2197 3356 4734 4999 204 1007 1525 4375 5739 3647 2769 28 1358 241 4087 225 1810 3614 2040 3378 5144 1453 2785 3959 1708 5337 471 1012 5521 4054 1801 4163 4615 4537 2209 3189 119 5340 3499 450 4697 1571 1390 1943 3462 888 5925 2781 2795 2326 3363 758 2844 4645 874 2397 4179 2761 1779 714 3368 2788 3597 5921 125 4235 3132 2948 802 1418 370 4211 39 867 6004 5398 2373 4316 4553 4171 3118 4343 175 5130 2003 2280 2227 3878 1216 2983 2929 317 1298 2065 4897 5912 4348 5658 4839 713 5108 4033 5817 1487 5232 1123 3980 104 2545 2157 2618 3285 1777 1724 2943 3275 5545 4043 1314 1480 892 2467 2538 3302 5889 1721 700 4554 4878 4909 647 5754 3631 616 2838 344 341 533 4885 4485 2872 3376 3635 1228 2989 3715 1934 3869 1904 3922 1692 1964 3899 4377 2496 2992 3265 4675 1578 4411 3056 1316 1434 1726 4356 3277 3456 4302 895 3186 4857 1764 4740 1197 3364 99 3460 5934 3537 3815 3890 5267 1378 2376 3433 4414 3064 2168 1749 5370 692 4304 4739 5082 5369 2988 3991 5727 2848 924 3193 2257 142 1659 2864 2432 1470 1618 1294 357 4396 1493 1101 3650 5597 4008 398 4187 2890 1588 5060 4191 3967 3545 1684 3316 1831 3248 336 5175 1709 703 1887 1392 5185 1060 1894 4175 4861 4586 5338 1884 4543 860 504 3571 5077 2082 5874 853 5907 1662 5677 831 3683 4985 3128 5606 2084 5623 3011 4841 5499 573 3033 5039 741 3684 2063 5561 5884 1282 792 3947 2255 6006 1869 3751 2185 5855 390 4072 2198 2158 1548 2760 3568 2731 4332 5993 2837 948 4133 2482 2917 2925 3527 4165 1807 1932 2034 5145 5890 5657 4742 1931 801 4484 2068 2563 2485 2017 901 3626 672 4152 20 5006 5746 4623 4252 5146 2434 2306 587 1 3868 1603 4066 4569 2340 4120 1306 1737 946 945 3747 4797 3370 1226 2500 1067 5236 5738 837 5281 1092 1319 3459 5227 1797 3341 3734 4318 1121 4492 2845 5867 3053 4036 1089 1054 4778 5263 3691 3117 4557 3063 856 4461 5031 846 3914 2277 3704 5771 2934 5704 2682 5523 3345 4650 3940 3671 3185 4196 4429 2560 245 2520 639 3867 812 1944 3012 1505 1273 1267 1237 730 5359 4193 5622 4690 2501 2691 1248 548 5829 1339 413 2557 3659 5767 3211 4942 1329 56 1400 3595 5400 2454 1545 3153 767 1650 4242 558 1127 1414 2749 3697 5617 4769 4418 5213 4603 2621 992 254 1325 865 3236 4660 3692 1428 1893 576 2932 5723 1430 4843 4916 5680 914 5474 1384 2246 987 3929 4746 1574 183 5435 5153 2600 1901 2867 277 2924 2619 5732 2152 4677 1796 3572 3860 1905 1402 3643 722 2062 2381 5467 1750 5888 2365 2333 2025 489 464 1841 77 5446 2633 1463 4404 420 1862 2108 1189 3242 4516 4854 2944 5010 1803 2441 3192 4766 3202 2265 748 1210 2650 2831 1136 2357 4089 2714 5848 715 2463 3848 4865 1315 4080 3136 5366 4325 5025 1477 1607 4354 2955 4757 469 2013 5615 2732 2828 5246 3401 855 3448 1499 2964 4200 439 1825 2058 4830 4337 123 2089 86 1147 3935 4619 5493 4765 3764 5512 5231 4977 5492 2504 1191 407 5852 1243 5430 1148 2331 4643 4386 3458 2437 157 4453 4948 912 642 2049 3898 4405 3301 2262 4264 2342 2998 851 589 5654 4290 5348 5259 4898 3298 5344 4902 5298 2819 1437 4452 2377 925 4172 1436 1635 3564 2032 5297 5136 180 3273 1474 2423 2077 3382 4479 1513 5473 4511 2770 5170 2080 2873 3440 2598 858 2686 4952 668 1968 1459 2702 3061 3224 664 3943 3906 1322 1728 1899 4873 304 5396 351 5927 1912 1454 97 3708 784 3673 981 1649 191 1522 4275 159 961 4129 2386 3383 3213 710 5274 3280 80 4515 179 2086 3588 1591 2288 1670 2315 1987 2446 2888 1547 4905 2697 1989 4256 5562 2207 1266 4077 4487 5075 1503 1251 4266 4832 23 4551 3723 185 1201 5642 1373 2232 4793 2670 312 2977 44 3066 5178 322 5216 438 726 5318 271 540 4819 4521 210 1998 4232 5483 1995 3000 625 4889 3373 3487 3693 4992 5574 3357 2982 3741 5119 88 1808 5799 2321 843 4262 2945 1024 4477 5720 6009 582 1634 1497 5104 2295 1055 849 1977 4866 5895 4894 4762 3625 3223 1923 833 5329 2420 2234 586 4997 2334 330 2517 3565 63 4048 5094 1044 3553 4847 3171 269 5991 3686 1476 1002 4659 1112 3446 5773 4883 5696 2214 4185 1173 3778 999 5519 2297 1020 4358 729 3060 3787 491 1564 4548 1206 3045 5247 5835 5373 3944 145 4641 3863 2128 5383 5465 4214 4154 2098 3589 4748 2359 3308 1393 5040 5504 1460 5737 535 5436 5875 5495 5210 1909 575 3395 5017 31 4541 1061 5309 35 1472 358 5201 1843 5163 2282 5448 4827 4140 5527 3580 4301 4614 3436 4014 4501 2494 4153 1084 1563 5054 950 4147 3237 1646 4955 5709 2914 4723 4680 4470 3158 1301 1145 4919 3164 3174 1845 2612 5288 4671 2417 3732 915 1488 2674 4777 3770 3291 1265 5538 7 2208 4871 800 832 3535 2866 2764 3160 4539 3425 3925 3695 3043 3559 3255 1702 2571 650 3538 1050 662 4923 917 2488 5033 3865 474 5886 5070 4881 4802 5636 2810 3731 543 3607 2212 3627 3921 1511 5959 391 822 2911 349 4392 986 4786 671 5575 3218 5965 4738 3119 4151 511 5295 4601 2678 2055 919 2305 1006 1716 3335 2053 1359 594 133 4794 5027 3809 3006 1219 5161 4912 5880 1842 2923 1154 2958 522 3377 3049 1407 2450 3452 46 2020 1984 5140 428 5607 4279 92 5357 378 6025 1610 2452 1057 5778 1144 3276 4209 3802 5946 3660 1958 5887 320 861 221 1920 5651 4366 4050 4359 1335 3938 5864 2734 2353 5756 1676 5158 3800 333 4981 371 4573 4189 2656 5668 2469 1449 1658 1165 2700 2601 2036 4443 1712 1620 5425 479 5449 603 5080 2740 127 5217 3080 5673 5148 2994 2786 2210 294 4662 2766 237 3639 5062 5007 5922 1166 1766 2392 4406 238 3464 1076 1276 503 5596 5777 4432 813 5155 2318 4530 4533 619 687 4911 2413 4345 3124 4597 451 3022 4220 5819 5960 5698 5375 2028 3369 5809 1317 22 5747 2530 1496 248 4925 2875 5822 944 1639 1693 1028 3996 3965 4838 4804 4836 1269 5745 199 2339 5716 5450 609 2117 2332 5511 3606 4846 435 3931 2370 5052 3475 1380 2038 2464 4307 2473 646 2241 2074 1991 124 4251 2492 1606 3513 1025 2000 4028 2165 2966 3608 3264 4095 2645 161 1614 1630 1596 2150 1947 3648 1756 4538 2969 1482 2222 3086 4431 4564 289 309 3094 5613 2164 5758 5849 5098 1844 2493 5814 4244 2986 808 1742 516 1537 5759 4732 2928 2066 3602 2742 3246 3247 1052 3605 5128 4812 776 1996 798 3421 5710 1526 4796 2081 4463 1501 5631 244 3221 5037 5034 739 5904 2048 526 3928 3293 4850 5536 2322 2110 2092 403 3722 1674 5118 1446 1960 4093 1413 1556 4427 4594 13 291 3116 4338 3429 5302 1824 366 3133 3962 5333 2258 3253 1876 2912 5947 5691 3841 4030 4349 2589 4340 3633 4869 3834 641 885 2959 422 5531 5620 4023 5598 1595 3324 281 1388 562 4724 3091 1729 5322 1004 5405 5982 3713 2169 1231 2472 164 2216 1080 383 1937 2343 140 4547 3191 4891 707 184 2201 335 463 5266 3756 4160 33 943 473 5671 2937 3864 4010 3875 4970 3438 1663 1631 5725 5722 2173 4046 1954 5966 3773 5711 4250 4727 3319 5332 5280 154 5324 2684 2170 1489 2655 1579 954 1047 60 4015 4292 566 5953 4787 3085 5226 1538 2091 5879 2244 4018 4045 4899 4933 4964 
--------------------------------------------
Número aleatorio: 2172
Rango: 0-6516
Hay :2172
OK
main chain size 2172
--------------------------------------------
Número aleatorio: 1623
Rango: 0-4869
Hay :1623
OK
main chain size 1623
--------------------------------------------
Número aleatorio: 889
Rango: 0-2667
Hay :889
OK
main chain size 888
Absents: 0 
2207 773 865 1913 2479 148 2544 207 2055 232 2493 1457 48 826 2515 2211 415 2462 2643 351 2120 387 1066 1149 1385 455 632 1728 2178 1278 1467 2296 1860 1142 1228 2282 2606 536 1284 478 1208 644 1514 1335 1296 2199 2483 917 1642 924 2431 1778 2135 2277 234 1274 1753 814 98 2074 1601 551 123 896 2056 1628 921 537 1398 2337 1687 2024 1022 2281 266 1670 701 2639 2187 1329 480 1063 1632 2527 1535 1452 1394 1176 1035 1931 870 1623 2523 1704 654 1459 2101 2104 2192 1409 1519 1673 1820 295 1121 1991 477 834 244 1191 2173 1622 2201 2429 205 289 1056 1589 1845 1497 1573 322 692 1598 2276 88 848 1311 179 1631 373 394 1905 2107 699 1801 907 441 1791 1093 31 2146 544 1697 1358 739 1425 204 1399 6 1199 180 1156 2631 2210 1524 2530 2108 2237 2441 887 565 1171 2044 440 734 1636 1370 2225 1795 775 2128 155 1744 2613 792 987 2239 1089 2540 573 2567 2133 2443 2172 550 563 1380 1692 1762 446 2131 1439 905 1349 1216 1713 1644 72 2236 1527 1068 2238 1510 2636 1678 1977 2324 1392 1916 1508 1027 1373 1866 1009 131 719 2005 2395 2557 451 897 1083 1153 1561 2137 1533 2081 1152 1948 1816 575 2289 2610 1768 1733 735 1878 2508 1099 1676 2561 2138 1818 969 1766 1390 2059 906 1308 1343 1420 2217 2617 698 475 482 2299 527 1230 66 2026 1822 1092 172 815 1849 2089 529 75 1684 811 2378 126 1470 2535 611 872 963 2529 1861 2021 707 2316 55 245 1831 675 724 1583 1686 710 2152 1086 68 2016 1363 1596 893 2444 1455 2471 65 1610 1118 878 1183 1422 1496 1552 997 22 610 493 310 608 2193 1970 2430 2029 93 1039 1569 534 812 1809 1105 1305 134 2474 109 1990 657 1473 2346 1248 1217 1122 832 243 1549 1607 1985 1165 1364 2408 1652 2376 1075 1584 505 1236 2241 2552 1696 2604 302 2052 2182 679 1037 1253 1098 2382 1890 54 1136 85 1299 1540 837 1240 656 87 275 1049 863 2377 1793 1756 621 1411 2517 2000 1212 933 97 818 718 331 1295 1091 215 2061 102 2426 1871 1827 199 2242 660 605 283 416 498 904 60 936 198 622 1096 136 1955 413 1590 2181 2489 1904 1064 1060 454 581 2311 931 1806 1813 2305 845 1270 1943 2307 2436 52 2139 1814 624 2420 1170 2587 1505 2159 2035 16 2470 1537 2465 119 360 364 81 1691 2455 225 860 1587 2143 647 143 2438 1568 524 939 1677 2375 209 859 1052 369 2067 2641 1164 1897 128 964 1615 314 2338 2543 733 403 239 1656 1489 1346 101 1630 1117 1101 1249 2472 1062 1595 2520 1788 5 1246 2422 201 1288 145 1784 2545 1872 2364 1094 8 1277 12 457 1701 2419 2314 2360 29 993 1787 2106 2268 557 2451 2190 291 1261 218 2310 614 569 1730 807 226 318 1976 1870 2637 1107 153 2400 385 2169 1578 1864 1807 1854 2160 2004 517 169 197 1506 2304 1724 404 406 836 855 2031 2524 1522 2565 2103 2448 2313 2122 1465 1834 420 1954 2506 518 592 2531 2616 2469 850 519 1316 1995 957 2390 1745 2315 881 1036 2511 2485 2555 835 2292 2127 1412 2608 958 1570 1430 658 1471 625 2647 235 641 1222 2075 1185 1023 264 786 576 2347 2522 986 395 1719 1937 2330 78 150 2476 533 1983 1461 1790 2371 2614 2475 1885 554 1526 689 1344 1192 2170 756 1503 1466 450 1103 1330 1579 2312 57 1735 1876 1757 2609 1376 1643 2240 299 178 2461 1952 1303 1202 668 1893 748 1108 1511 269 230 856 167 996 1067 397 1846 1486 1949 1812 714 353 2396 1375 2286 1059 2592 2083 458 2248 237 1841 999 1708 330 2222 2100 2486 2012 2600 740 2270 567 1082 1873 1611 122 2418 2477 2450 1912 1711 528 2066 1558 589 1046 737 1721 777 1010 655 2183 847 472 200 2421 2070 221 332 261 1334 1874 375 1732 594 630 880 2017 2291 164 2323 2301 609 2569 911 555 2504 2260 1006 631 693 293 902 1553 1333 282 1837 1639 1794 703 1920 173 1975 1028 766 1348 1675 1310 838 2566 2414 763 922 540 2095 2362 828 2497 241 2224 1007 992 1029 2279 1338 1694 2265 1400 442 2220 2416 2246 959 1393 2356 754 1808 1765 2036 384 497 1914 2572 525 1214 11 0 877 1588 1090 2048 1538 156 659 278 705 171 1740 2512 649 944 2028 2383 1880 677 1513 408 460 337 1077 2327 953 144 2042 2251 1966 1679 1265 1695 2105 1974 2413 841 1372 2179 1015 1174 2601 1143 304 1342 2002 362 1603 1802 1151 1580 1453 542 2007 1180 1259 1539 883 549 251 604 948 1666 1867 1389 2077 973 371 444 187 2166 481 652 2473 1780 1242 1058 732 1054 651 1531 2034 929 326 2553 1599 2158 428 821 671 1221 427 790 
--------------------------------------------
Número aleatorio: 584
Rango: 0-1752
Hay :584
OK
main chain size 584
--------------------------------------------
