OK
OK
OK
OK
OK
OK
OK
OK
OK
OK
OK
OK
OK
OK
OK
OK
OK
OK
OK
OK
OK
OK
OK
OK
OK
OK
OK
OK
OK
OK
OK
OK
OK
OK
OK
OK
OK
OK
OK
OK
OK
OK
OK
OK
OK
OK
OK
OK
OK
OK
OK
El vector no está ordenado en el índice 2994.
KO
14 52 59 83 88 105 124 132 179 196 252 313 330 357 380 402 407 416 419 478 483 484 520 560 567 700 721 732 736 863 960 978 997 1110 1115 1164 1178 1183 1239 1270 1331 1354 1417 1422 1460 1470 1477 1526 1528 1533 1540 1566 1585 1590 1656 1661 1673 1685 1716 1729 1749 1757 1817 1844 1871 1948 1994 2040 2180 2194 2219 2227 2266 2315 2425 2443 2444 2450 2479 2483 2485 2562 2576 2585 2608 2643 2673 2676 2729 2741 2754 2839 2843 2888 2905 2951 2999 3009 3066 3079 3080 3105 3116 3130 3141 3174 3202 3260 3287 3307 3343 3358 3379 3388 3406 3453 3523 3566 3645 3653 3658 3663 3715 3758 3793 3845 3882 3893 3905 3956 4043 4059 4103 4135 4191 4205 4235 4244 4290 4338 4415 4418 4424 4442 4452 4486 4505 4514 4542 4669 4673 4698 4704 4764 4779 4792 4806 4809 4817 4860 4913 4937 4982 4984 5039 5052 5057 5062 5064 5095 5111 5130 5137 5212 5259 5260 5285 5291 5294 5311 5384 5439 5447 5456 5499 5547 5550 5605 5619 5693 5694 5715 5798 5800 5801 5804 5922 5940 5943 5998 6025 6076 6100 6118 6273 6308 6320 6349 6366 6474 6505 6507 6517 6536 6582 6608 6621 6643 6656 6659 6786 6812 6857 6860 6866 6877 6887 6944 6997 7017 7031 7059 7064 7080 7093 7114 7159 7164 7170 7178 7181 7207 7303 7311 7323 7339 7349 7411 7473 7517 7528 7543 7652 7684 7687 7742 7834 7855 7887 7941 8003 8063 8163 8164 8179 8194 8305 8375 8376 8386 8516 8611 8632 8641 8690 8700 8714 8731 8736 8743 8744 8827 8830 8831 8864 8872 8892 8899 8937 8976 8995 8999 9129 9197 9240 9244 9263 9266 9284 9340 9370 9376 9400 9537 9619 9662 9663 9680 9755 9844 9847 9865 9872 9902 9956 10025 10036 10095 10099 10107 10110 10125 10131 10147 10160 10212 10244 10359 10390 10392 10407 10473 10565 10587 10643 10646 10649 10658 10778 10782 10813 10819 10838 10892 10905 11019 11112 11199 11213 11218 11243 11253 11289 11338 11384 11417 11489 11500 11513 11550 11636 11651 11680 11685 11707 11747 11777 11819 11824 11836 11850 11878 11956 12030 12044 12138 12145 12185 12255 12261 12277 12293 12310 12336 12341 12418 12452 12471 12526 12579 12603 12611 12747 12831 12897 12920 12954 13017 13035 13045 13046 13061 13083 13092 13153 13157 13265 13272 13357 13363 13375 13386 13423 13444 13508 13522 13537 13538 13581 13587 13599 13605 13649 13672 13676 13704 13801 13872 13880 13903 13904 13909 13924 13991 14025 14029 14043 14093 14101 14145 14220 14270 14278 14290 14321 14336 14375 14390 14481 14486 14524 14637 14706 14765 14805 14818 14841 14870 14910 14912 14918 14933 14964 15010 15045 15149 15156 15191 15264 15301 15304 15309 15339 15351 15379 15388 15390 15411 15467 15483 15490 15524 15530 15581 15604 15653 15690 15692 15731 15752 15770 15803 15913 15939 16004 16036 16109 16130 16136 16138 16211 16292 16322 16340 16368 16435 16454 16496 16520 16528 16584 16804 16843 16870 16879 16941 16992 17023 17142 17187 17202 17223 17236 17288 17307 17328 17336 17337 17399 17428 17461 17496 17557 17566 17568 17630 17640 17641 17658 17713 17778 17800 17839 17842 17931 17962 18078 18100 18144 18161 18200 18203 18225 18244 18299 18325 18332 18360 18370 18376 18378 18379 18437 18493 18494 18563 18574 18584 18612 18643 18646 18663 18677 18742 18806 18832 18860 18878 18914 18928 18934 18949 18961 18971 18999 19024 19032 19033 19049 19119 19125 19162 19246 19257 19270 19331 19395 19412 19451 19452 19456 19544 19567 19574 19637 19694 19751 19779 19789 19808 19826 19890 19894 19897 19938 19973 20027 20057 20069 20070 20074 20176 20210 20222 20231 20322 20358 20398 20414 20490 20617 20709 20731 20748 20770 20792 20798 20841 20873 20877 20892 20917 21008 21032 21033 21039 21069 21105 21108 21200 21207 21272 21353 21378 21464 21552 21555 21565 21605 21694 21696 21735 21843 21889 21914 21974 22086 22133 22137 22145 22147 22155 22175 22182 22218 22219 22262 22335 22336 22405 22417 22456 22482 22495 22500 22618 22623 22693 22697 22733 22747 22752 22795 22812 22863 22880 22889 22906 22931 22976 23041 23098 23123 23215 23244 23248 23249 23275 23320 23341 23344 23346 23359 23369 23389 23404 23432 23438 23522 23552 23559 23565 23596 23597 23601 23613 23722 23794 23817 23825 23869 23892 23924 23925 23943 24002 24113 24253 24308 24360 24408 24457 24469 24470 24472 24487 24502 24503 24537 24609 24672 24679 24684 24688 24725 24782 24842 24871 24946 24989 25047 25066 25092 25095 25183 25255 25325 25348 25424 25441 25510 25531 25591 25635 25664 25741 25768 25796 25814 25907 25990 26010 26039 26043 26055 26268 26272 26291 26357 26486 26555 26571 26600 26610 26616 26626 26639 26644 26766 26806 26827 26843 26854 26871 26876 26881 26882 26887 27007 27051 27055 27069 27071 27129 27264 27338 27380 27393 27400 27416 27471 27476 27484 27528 27596 27621 27681 27721 27740 27781 27789 27794 27837 27911 27944 27946 27979 28097 28121 28146 28157 28173 28211 28243 28327 28332 28351 28409 28410 28485 28500 28526 28590 28619 28660 29008 29041 29046 29242 29250 29270 29284 29316 29343 29349 29364 29421 29465 29467 29568 29571 29616 29633 29664 29668 29685 29768 29784 29884 29905 29956 29999 30005 30021 30039 30083 30126 30146 30169 30193 30213 30226 30228 30335 30397 30418 30468 30523 30528 30542 30654 30676 30681 30692 30766 30767 30839 30898 30941 30968 30982 30998 31008 31016 31127 31221 31224 31258 31269 31399 31441 31661 31675 31695 31718 31794 31795 31796 31857 31882 31922 31953 32059 32075 32081 32096 32148 32213 32272 32297 32305 32398 32443 32445 32459 32603 32632 32639 32776 32824 32883 32901 32952 32956 32970 32989 33025 33103 33154 33208 33250 33296 33336 33339 33368 33455 33508 33539 33545 33547 33628 33642 33757 33759 33848 33853 33865 33896 33905 33906 33913 33920 34009 34030 34041 34062 34126 34132 34164 34179 34180 34190 34274 34302 34333 34335 34361 34433 34513 34521 34564 34573 34594 34595 34609 34615 34677 34679 34696 34749 34769 34780 34853 34854 34862 34888 34890 34898 34899 34918 34999 35013 35050 35058 35116 35176 35186 35189 35252 35287 35307 35320 35337 35442 35479 35498 35507 35519 35530 35576 35583 35609 35706 35710 35766 35789 35833 35869 35884 35905 35906 36121 36193 36198 36227 36242 36254 36285 36304 36341 36348 36377 36413 36449 36486 36489 36506 36547 36628 36668 36691 36712 36825 36870 36875 36890 36916 36941 36981 36989 37046 37049 37050 37085 37129 37204 37206 37231 37240 37241 37277 37354 37373 37380 37439 37471 37479 37492 37516 37534 37549 37569 37691 37714 37724 37734 37810 37818 37819 37908 37954 37960 37996 38035 38123 38193 38247 38316 38326 38392 38402 38427 38456 38486 38487 38633 38635 38643 38650 38655 38659 38662 38692 38697 38699 38739 38771 38781 38799 38837 38885 38926 39009 39055 39180 39181 39226 39253 39372 39396 39417 39429 39472 39516 39526 39612 39648 39654 39672 39674 39688 39696 39728 39754 39793 39807 39929 39939 39973 39980 40145 40154 40175 40210 40275 40291 40313 40323 40349 40356 40380 40475 40499 40502 40665 40679 40723 40811 40818 40881 40914 40953 40968 40977 41025 41074 41089 41140 41187 41215 41292 41372 41397 41409 41502 41532 41533 41538 41556 41603 41727 41731 41750 41797 41847 41876 41890 41927 41947 41952 41960 42028 42043 42091 42113 42138 42141 42161 42172 42239 42244 42319 42527 42561 42584 42585 42589 42624 42651 42661 42713 42762 42772 42899 42926 42933 42996 43025 43038 43054 43062 43064 43078 43111 43180 43253 43259 43268 43281 43282 43299 43321 43390 43476 43552 43593 43609 43721 43751 43770 43794 43800 43819 43884 43910 44002 44055 44063 44085 44182 44219 44231 44266 44294 44323 44391 44399 44445 44479 44480 44520 44574 44575 44694 44828 44936 44981 45082 45084 45101 45109 45130 45148 45185 45281 45308 45321 45364 45399 45422 45427 45480 45504 45505 45594 45627 45645 45678 45680 45706 45733 45750 45775 45812 45826 45833 45858 45865 45875 45877 45892 45947 45968 46002 46019 46082 46234 46279 46292 46300 46365 46369 46414 46518 46542 46629 46644 46652 46659 46663 46679 46687 46722 46750 46806 46831 46839 46847 46878 46928 46945 46963 46984 47097 47135 47147 47194 47471 47517 47531 47648 47658 47669 47723 47784 47807 47827 47842 47876 47885 47895 47906 47973 47991 47994 48024 48027 48044 48089 48134 48157 48162 48168 48209 48244 48264 48266 48321 48355 48414 48496 48514 48527 48585 48671 48687 48694 48703 48753 48763 48773 48781 48832 48860 48912 48926 48948 48951 48995 49044 49063 49118 49149 49155 49198 49235 49337 49361 49366 49426 49443 49541 49669 49678 49683 49731 49743 49749 49750 49762 49764 49778 49789 49818 49827 49881 49899 49934 49943 49985 49989 50004 50035 50042 50061 50092 50095 50118 50122 50129 50173 50233 50377 50508 50521 50568 50584 50639 50649 50661 50675 50728 50741 50804 50806 50833 50839 50849 50886 50894 50900 50961 50970 51116 51145 51173 51200 51228 51250 51277 51378 51389 51471 51537 51575 51576 51580 51582 51597 51604 51689 51703 51789 51827 51842 51904 51934 51939 51970 51991 52003 52107 52114 52125 52152 52164 52183 52209 52255 52274 52291 52296 52336 52343 52361 52366 52383 52391 52440 52464 52489 52504 52517 52520 52585 52596 52618 52645 52648 52650 52708 52733 52757 52770 52807 52840 52867 52869 52885 52913 52954 52971 52993 53023 53150 53153 53158 53205 53258 53295 53324 53343 53364 53373 53389 53425 53495 53501 53583 53591 53614 53657 53667 53668 53679 53690 53722 53789 53931 53984 53987 54025 54043 54056 54198 54235 54249 54296 54298 54337 54371 54373 54407 54447 54471 54477 54485 54495 54568 54588 54602 54666 54694 54710 54730 54751 54939 54940 55010 55047 55082 55102 55110 55170 55177 55276 55288 55338 55345 55389 55413 55421 55425 55559 55650 55675 55685 55688 55704 55741 55816 55839 55872 55876 55961 55967 55970 55983 55988 56069 56070 56089 56137 56161 56171 56243 56284 56356 56371 56435 56460 56477 56565 56736 56751 56755 56828 56836 56843 56881 56893 57000 57103 57119 57127 57135 57137 57151 57162 57189 57196 57199 57209 57222 57232 57234 57249 57271 57278 57301 57302 57312 57338 57368 57430 57465 57582 57619 57624 57631 57670 57675 57695 57718 57746 57783 57796 57836 57852 57883 57919 57974 57987 58012 58023 58048 58121 58173 58213 58265 58269 58280 58281 58337 58369 58379 58449 58527 58547 58581 58625 58642 58651 58671 58755 58798 58875 58888 58899 58918 58922 58927 58929 58938 58951 58988 59051 59070 59080 59102 59142 59305 59306 59344 59402 59415 59417 59422 59428 59431 59492 59527 59560 59573 59625 59633 59709 59710 59740 59802 59837 59913 59917 59930 59966 59982 60024 60029 60044 60176 60231 60242 60283 60342 60428 60441 60485 60518 60535 60555 60577 60617 60649 60662 60668 60684 60696 60708 60732 60734 60757 60819 60870 60902 60903 60935 60951 60997 61011 61076 61077 61089 61107 61118 61129 61177 61186 61252 61256 61280 61327 61334 61352 61365 61409 61427 61520 61549 61557 61578 61594 61611 61623 61627 61658 61672 61682 61704 61724 61736 61747 61792 61813 61820 61828 61868 61904 61905 61962 61992 62075 62133 62169 62174 62195 62209 62239 62262 62266 62297 62300 62325 62356 62490 62529 62541 62556 62568 62599 62641 62690 62725 62754 62823 62828 62835 62933 62954 62958 63037 63085 63094 63098 63118 63171 63228 63314 63328 63352 63389 63424 63438 63489 63513 63559 63589 63602 63631 63644 63664 63703 63820 63863 63919 63958 64026 64033 64066 64132 64154 64163 64208 64253 64255 64261 64269 64275 64296 64300 64332 64357 64366 64376 64399 64400 64432 64440 64459 64518 64596 64627 64683 64686 64687 64700 64733 64759 64821 64843 64851 64867 64897 64904 64961 64985 64987 65046 65074 65100 65122 65225 65289 65314 65369 65396 65406 65415 65469 65502 65537 65538 65567 65746 65763 65825 65866 65897 65932 65947 65950 65977 66079 66105 66107 66113 66131 66143 66153 66173 66174 66186 66190 66197 66211 66224 66266 66286 66332 66349 66388 66392 66453 66461 66498 66513 66550 66579 66600 66610 66633 66667 66682 66698 66711 66736 66741 66777 66787 66819 66867 66880 66888 66970 66983 67012 67020 67021 67059 67149 67223 67247 67342 67385 67473 67485 67543 67552 67574 67693 67696 67701 67729 67750 67792 67825 67830 67892 67902 67932 67935 67950 67961 68001 68007 68014 68028 68084 68127 68156 68238 68254 68268 68363 68400 68465 68557 68574 68610 68662 68778 68786 68803 68822 68879 68910 68917 69007 69048 69057 69070 69083 69133 69150 69169 69175 69194 69239 69247 69256 69261 69285 69372 69378 69425 69444 69523 69525 69567 69575 69584 69604 69638 69645 69654 69714 69766 69830 69831 69836 69861 69941 69946 69973 70006 70024 70220 70221 70323 70384 70399 70402 70471 70507 70511 70530 70565 70671 70688 70706 70710 70807 70839 70863 70871 70876 70883 70933 70958 70980 70991 71065 71108 71237 71524 71525 71536 71598 71627 71668 71676 71677 71715 71746 71752 71788 71823 71829 71933 72125 72132 72142 72147 72161 72280 72308 72367 72461 72586 72708 72754 72801 72809 72813 72817 72875 72887 72916 72924 72950 72960 72974 73031 73038 73044 73046 73053 73084 73100 73147 73161 73173 73176 73249 73303 73304 73305 73316 73321 73323 73336 73376 73480 73484 73534 73537 73542 73572 73618 73622 73630 73683 73727 73756 73770 73799 73881 73961 74005 74057 74066 74116 74152 74171 74198 74242 74324 74331 74403 74415 74523 74530 74555 74591 74625 74628 74706 74738 74825 74870 74878 74884 74902 74923 74961 74978 74980 74981 74983 74984 75001 75077 75109 75119 75135 75147 75158 75230 75257 75293 75324 75329 75331 75373 75394 75406 75430 75442 75446 75469 75520 75554 75603 75633 75650 75661 75709 75712 75723 75749 75774 75790 75834 76008 76020 76021 76054 76071 76082 76136 76157 76178 76179 76184 76222 76249 76317 76359 76384 76385 76393 76399 76419 76450 76482 76567 76616 76654 76662 76831 76833 76902 76916 76925 76926 77011 77019 77079 77145 77157 77220 77311 77397 77436 77446 77487 77528 77561 77566 77567 77618 77628 77630 77671 77672 77679 77690 77727 77746 77775 77778 77803 77805 77952 77967 77981 77996 78024 78134 78142 78192 78314 78355 78392 78454 78489 78498 78512 78535 78570 78573 78589 78663 78715 78766 78813 78857 78865 78890 78891 78973 79032 79041 79070 79097 79121 79162 79210 79255 79264 79326 79330 79347 79355 79371 79383 79434 79459 79461 79559 79587 79639 79640 79642 79655 79686 79726 79730 79767 79838 79879 79908 79934 80067 80072 80108 80116 80118 80134 80153 80161 80185 80192 80269 80322 80433 80436 80461 80482 80489 80498 80502 80519 80542 80617 80664 80743 80789 80817 80864 80921 80931 80959 81127 81155 81178 81194 81200 81217 81242 81250 81283 81378 81395 81487 81520 81559 81612 81671 81684 81769 81775 81820 81841 81867 81908 81924 82009 82014 82041 82061 82077 82135 82145 82208 82240 82248 82321 82339 82354 82425 82429 82439 82467 82551 82601 82611 82667 82791 82810 82811 82856 82875 82975 83006 83015 83037 83049 83063 83109 83125 83140 83172 83179 83182 83225 83258 83261 83287 83329 83370 83388 83405 83428 83429 83521 83523 83526 83564 83616 83677 83680 83697 83744 83756 83789 83802 83865 83874 83897 83920 83938 83968 83973 84047 84048 84074 84133 84142 84213 84243 84268 84301 84325 84352 84355 84363 84404 84480 84497 84499 84507 84536 84537 84550 84564 84591 84606 84647 84649 84663 84691 84712 84737 84792 84799 84808 84811 84823 84842 84849 84925 84965 85010 85023 85032 85033 85059 85065 85080 85083 85106 85107 85132 85184 85238 85254 85293 85309 85310 85315 85326 85341 85352 85354 85377 85406 85476 85495 85499 85553 85554 85611 85613 85881 85927 85933 86010 86019 86038 86041 86050 86102 86119 86141 86244 86265 86315 86347 86382 86392 86434 86446 86463 86472 86477 86482 86492 86497 86508 86518 86552 86563 86591 86604 86616 86643 86662 86699 86715 86716 86769 86803 86848 86852 86873 86898 86915 86956 87056 87200 87240 87316 87336 87344 87347 87355 87365 87377 87383 87448 87456 87518 87540 87586 87587 87597 87637 87656 87662 87666 87674 87821 87830 87855 87856 87863 87881 87883 87921 87961 88009 88083 88100 88132 88143 88149 88221 88251 88264 88386 88407 88417 88425 88428 88515 88565 88595 88650 88680 88684 88727 88759 88779 88795 88866 88872 88886 88900 88905 88939 89019 89165 89184 89305 89316 89352 89474 89537 89630 89652 89716 89751 89778 89791 89801 89810 89823 89859 89876 89895 89898 89942 89983 90048 90133 90136 90158 90294 90322 90333 90397 90507 90597 90632 90648 90702 90715 90716 90734 90763 90821 90829 90905 90975 91034 91075 91211 91246 91253 91271 91351 91357 91364 91414 91456 91523 91557 91569 91575 91581 91618 91665 91688 91711 91756 91759 91773 91774 91777 91781 91795 91799 91843 91855 91928 91942 91957 91981 91998 92027 92046 92082 92098 92168 92187 92188 92208 92242 92249 92274 92350 92408 92425 92501 92548 92559 92579 92602 92686 92733 92755 92785 92814 92815 92839 92858 92919 92920 93043 93068 93069 93082 93083 93168 93175 93183 93195 93202 93217 93242 93245 93339 93344 93356 93416 93417 93588 93589 93637 93685 93708 93746 93843 93900 93909 93932 93945 93968 94012 94050 94057 94094 94104 94110 94121 94166 94257 94258 94262 94331 94395 94417 94447 94498 94521 94531 94542 94550 94644 94663 94665 94730 94759 94817 94917 95043 95055 95082 95113 95149 95198 95215 95226 95269 95329 95348 95398 95463 95484 95488 95495 95507 95566 95641 95679 95724 95738 95765 95783 95829 95858 95879 95906 95990 96054 96106 96110 96129 96130 96166 96168 96173 96215 96219 96263 96334 96353 96356 96365 96379 96396 96399 96413 96462 96485 96624 96628 96635 96637 96730 96732 96742 96786 96864 96896 96928 96949 97013 97061 97089 97117 97127 97165 97182 97228 97286 97309 97329 97360 97398 97475 97554 97582 97597 97609 97650 97664 97688 97699 97701 97704 97705 97723 97749 97780 97799 97838 97859 97877 97913 97993 98028 98037 98053 98083 98104 98128 98207 98214 98216 98286 98287 98329 98341 98352 98401 98411 98428 98482 98556 98639 98668 98698 98711 98734 98748 98783 98813 98864 98886 98914 98922 98942 98965 99009 99049 99180 99212 99214 99309 99357 99430 99496 99517 99526 99527 99531 99550 99599 99617 99687 99691 99841 99956 99839 
OK
OK
OK
OK
OK
OK
OK
OK
OK
OK
OK
OK
OK
OK
OK
OK
OK
OK
OK
OK
OK
OK
OK
OK
OK
OK
OK
OK
OK
OK
El vector no está ordenado en el índice 2993.
KO
1 32 79 80 130 139 219 289 320 322 338 408 496 545 553 566 578 717 745 746 762 779 810 892 900 902 922 938 944 1020 1049 1071 1173 1199 1202 1212 1219 1245 1254 1269 1273 1296 1297 1316 1328 1365 1392 1401 1430 1485 1525 1526 1543 1605 1663 1695 1699 1743 1754 1777 1830 1862 1891 1976 1982 2003 2028 2089 2141 2143 2149 2194 2209 2215 2303 2304 2324 2330 2347 2389 2455 2508 2709 2767 2782 2794 2918 3005 3040 3126 3157 3158 3193 3232 3251 3266 3279 3418 3498 3533 3537 3541 3549 3567 3607 3650 3700 3711 3751 3753 3762 3772 3773 3835 3874 3880 3892 3897 3942 3978 4040 4118 4183 4184 4188 4243 4341 4394 4411 4468 4481 4500 4527 4547 4652 4819 4895 4931 5033 5041 5047 5048 5084 5088 5261 5271 5280 5302 5309 5395 5401 5413 5453 5476 5513 5530 5609 5626 5636 5678 5742 5743 5764 5797 5842 5848 5862 5921 6049 6055 6072 6099 6104 6123 6171 6191 6215 6225 6345 6380 6393 6406 6427 6446 6468 6473 6507 6527 6546 6599 6624 6660 6693 6700 6718 6792 6825 6881 6973 7006 7007 7010 7019 7081 7124 7164 7172 7176 7330 7363 7372 7392 7418 7449 7451 7462 7511 7546 7699 7706 7727 7743 7988 7999 8035 8037 8175 8180 8205 8214 8281 8301 8304 8325 8327 8431 8464 8480 8491 8497 8513 8540 8587 8596 8602 8660 8689 8729 8759 8787 8864 8883 8925 8936 9006 9068 9075 9151 9154 9198 9199 9226 9376 9388 9593 9600 9614 9619 9706 9729 9750 9766 9778 9834 9847 9930 9946 9984 9996 9997 10179 10210 10220 10292 10317 10342 10376 10433 10434 10445 10472 10524 10548 10604 10613 10629 10647 10783 10827 10836 10838 10844 10899 10918 10994 10999 11032 11110 11160 11215 11263 11268 11284 11306 11342 11365 11400 11401 11536 11550 11564 11571 11580 11597 11610 11644 11705 11713 11718 11740 11760 11761 11865 11926 11954 11999 12031 12064 12092 12094 12136 12210 12221 12235 12266 12338 12390 12392 12393 12429 12444 12491 12499 12533 12564 12567 12648 12662 12696 12700 12748 12760 12766 12792 12829 12855 12861 12879 12929 13002 13059 13060 13087 13094 13118 13138 13194 13206 13222 13237 13252 13264 13271 13316 13317 13322 13393 13408 13456 13467 13604 13621 13698 13798 13833 13886 13890 13924 13961 13978 13986 14151 14173 14217 14247 14251 14263 14296 14307 14313 14321 14372 14384 14440 14465 14506 14550 14555 14556 14567 14602 14687 14707 14715 14773 14837 14886 14887 14900 14910 14919 14949 14957 14978 15006 15042 15133 15153 15157 15204 15233 15238 15254 15261 15350 15381 15396 15497 15575 15581 15629 15669 15683 15723 15727 15728 15745 15748 15778 15786 15829 15981 16034 16063 16067 16076 16087 16093 16094 16145 16211 16232 16297 16330 16411 16428 16467 16497 16549 16564 16645 16650 16820 16836 16847 16856 16864 16911 16913 16922 17003 17058 17091 17145 17158 17205 17266 17317 17322 17330 17332 17370 17390 17393 17396 17430 17489 17506 17530 17544 17583 17599 17600 17619 17637 17651 17676 17680 17783 17823 17841 17892 17899 17932 17990 18021 18034 18042 18050 18060 18094 18128 18152 18184 18235 18241 18259 18328 18331 18336 18350 18373 18374 18412 18455 18545 18587 18614 18626 18637 18651 18679 18766 18802 18869 18872 18882 18892 18893 18904 19055 19073 19081 19124 19132 19228 19283 19298 19310 19337 19352 19367 19450 19465 19621 19648 19679 19696 19743 19759 19784 19797 19877 19899 19937 19939 19983 20061 20079 20109 20110 20149 20150 20158 20186 20280 20284 20294 20323 20412 20425 20437 20511 20513 20518 20519 20678 20694 20698 20725 20779 20805 20827 20842 20941 20993 21002 21029 21043 21056 21156 21259 21338 21348 21349 21363 21368 21404 21426 21466 21492 21516 21730 21752 21836 21841 21881 21886 21904 21940 21971 21981 21984 22008 22029 22079 22118 22143 22147 22148 22149 22213 22271 22281 22312 22393 22396 22408 22431 22470 22534 22561 22573 22598 22608 22623 22660 22671 22681 22699 22700 22727 22753 22808 22829 22861 22867 22889 22894 22901 22916 23006 23026 23050 23060 23061 23095 23123 23137 23205 23215 23273 23286 23401 23406 23489 23504 23510 23521 23564 23602 23608 23618 23629 23638 23648 23658 23667 23716 23720 23746 23768 23802 23808 23828 23830 23846 23860 23915 24015 24021 24039 24042 24073 24100 24143 24177 24287 24289 24308 24355 24367 24435 24458 24475 24494 24497 24542 24555 24609 24628 24639 24667 24690 24712 24716 24717 24732 24748 24757 24765 24807 24814 24816 24893 24926 24927 24931 24956 24984 25001 25031 25049 25177 25208 25354 25382 25401 25462 25483 25489 25518 25561 25584 25594 25699 25762 25825 25848 25877 25884 25913 25919 25929 25948 26079 26177 26179 26183 26193 26250 26282 26309 26476 26487 26620 26647 26720 26727 26794 26862 26880 26899 26945 26982 26990 27030 27089 27110 27143 27156 27158 27261 27331 27341 27388 27400 27446 27489 27536 27561 27571 27613 27682 27707 27722 27810 27817 27840 27877 27905 27944 27953 27954 27955 27962 27965 27967 27972 28018 28050 28051 28062 28131 28136 28215 28236 28259 28292 28467 28477 28520 28610 28635 28665 28667 28676 28703 28746 28751 28807 28830 28853 28874 28902 28980 28983 29013 29059 29106 29179 29193 29246 29249 29266 29314 29324 29364 29366 29374 29400 29401 29442 29511 29646 29676 29696 29707 29726 29766 29786 29810 29836 29844 29868 30005 30008 30023 30079 30149 30165 30189 30277 30289 30294 30345 30347 30392 30394 30417 30433 30439 30532 30545 30548 30556 30558 30562 30649 30656 30760 30770 30778 30782 30785 30798 30956 31113 31155 31210 31212 31240 31243 31279 31303 31314 31345 31372 31385 31415 31436 31460 31464 31493 31503 31516 31522 31529 31543 31571 31620 31675 31685 31749 31759 31761 31781 31802 31805 31818 31854 31856 31880 31892 31931 31939 32013 32112 32137 32163 32182 32183 32214 32244 32300 32302 32314 32340 32344 32385 32396 32410 32425 32427 32428 32444 32452 32514 32545 32555 32572 32580 32643 32665 32677 32758 32772 32787 32849 32910 32919 33003 33076 33111 33123 33135 33147 33153 33172 33262 33286 33288 33301 33325 33329 33474 33538 33561 33562 33567 33670 33708 33747 33792 33814 33861 33921 33962 33963 34018 34041 34058 34078 34089 34093 34098 34123 34129 34157 34185 34193 34206 34294 34298 34379 34437 34445 34467 34520 34585 34626 34641 34702 34751 34861 34978 35033 35047 35184 35234 35257 35283 35289 35290 35411 35427 35451 35461 35485 35526 35549 35569 35602 35643 35685 35712 35736 35775 35885 35916 35971 35974 35981 36007 36065 36123 36141 36157 36201 36236 36265 36281 36288 36330 36418 36615 36638 36647 36688 36714 36806 36896 36994 37042 37075 37115 37155 37169 37236 37243 37245 37257 37272 37288 37334 37399 37428 37449 37585 37595 37621 37705 37713 37798 37844 37846 37847 37858 37862 37898 37950 37999 38051 38055 38059 38106 38173 38176 38200 38210 38242 38263 38272 38289 38308 38324 38355 38421 38429 38455 38509 38564 38571 38611 38613 38709 38793 38820 38830 38837 38847 38855 38875 38987 38997 39008 39021 39037 39049 39062 39125 39144 39170 39173 39187 39192 39311 39326 39361 39447 39517 39535 39634 39671 39684 39690 39721 39762 39771 39801 39829 39839 39866 39876 39900 39906 39910 39963 40041 40100 40120 40190 40204 40211 40225 40227 40272 40296 40321 40344 40346 40352 40372 40436 40542 40577 40584 40605 40662 40666 40668 40679 40680 40704 40719 40736 40866 40878 40880 40890 40929 41027 41075 41090 41122 41124 41212 41307 41353 41436 41440 41511 41552 41623 41674 41702 41752 41772 41801 41830 41896 41953 42007 42021 42068 42072 42192 42253 42298 42339 42432 42504 42546 42548 42554 42566 42638 42654 42689 42691 42702 42747 42769 42804 42832 42855 42925 42954 42982 43005 43044 43052 43081 43169 43237 43239 43320 43331 43333 43376 43391 43397 43708 43717 43719 43730 43754 43763 43785 43811 43859 43893 43909 43914 43977 43988 43990 44022 44023 44044 44059 44065 44116 44137 44141 44182 44183 44189 44260 44290 44311 44327 44335 44451 44583 44624 44680 44704 44858 44865 44944 44982 45014 45051 45056 45101 45137 45197 45216 45247 45249 45279 45312 45330 45363 45382 45475 45511 45543 45571 45596 45605 45607 45608 45640 45658 45663 45665 45711 45733 45738 45739 45811 45827 45899 45921 46025 46055 46061 46072 46094 46134 46171 46233 46246 46247 46300 46398 46400 46435 46510 46516 46590 46628 46695 46737 46744 46750 46765 46784 46828 46869 46872 46899 46914 46917 47031 47055 47140 47173 47178 47185 47230 47255 47266 47291 47317 47343 47368 47417 47433 47528 47545 47548 47600 47641 47678 47679 47730 47782 47813 47843 47852 47877 47899 47934 47948 47979 47998 48058 48114 48133 48142 48187 48309 48319 48333 48368 48393 48432 48449 48462 48506 48510 48525 48574 48576 48588 48627 48727 48753 48788 48797 48800 48822 48881 48897 48930 48992 48998 49104 49114 49122 49176 49314 49356 49367 49453 49455 49478 49530 49551 49556 49565 49569 49585 49665 49701 49731 49763 49780 49792 49903 49913 49931 50029 50102 50110 50163 50182 50191 50243 50309 50349 50353 50391 50417 50472 50475 50507 50514 50586 50589 50591 50597 50698 50719 50814 50836 50839 50851 50957 50989 50999 51013 51027 51067 51079 51128 51159 51205 51216 51255 51292 51294 51360 51374 51389 51428 51463 51472 51506 51529 51534 51542 51548 51578 51619 51623 51626 51725 51810 51830 51839 51898 51936 51950 51999 52018 52035 52044 52100 52108 52135 52157 52309 52319 52335 52375 52382 52403 52527 52559 52634 52642 52644 52660 52688 52697 52723 52737 52749 52847 52883 52934 52959 52967 53077 53147 53173 53197 53233 53254 53267 53298 53305 53309 53405 53420 53465 53502 53523 53536 53539 53552 53573 53614 53649 53688 53738 53744 53792 53824 53925 53930 53973 54070 54174 54199 54214 54257 54260 54278 54282 54337 54357 54368 54369 54390 54469 54489 54493 54593 54617 54639 54644 54648 54712 54717 54729 54761 54767 54838 54861 54880 54964 54969 55038 55079 55084 55118 55177 55203 55223 55261 55272 55282 55395 55441 55516 55546 55547 55575 55597 55638 55694 55696 55708 55773 55809 55831 55842 55880 55909 55926 55930 55947 55957 55960 56029 56084 56090 56106 56138 56182 56240 56285 56340 56435 56452 56466 56498 56504 56586 56599 56641 56653 56659 56699 56713 56719 56727 56770 56865 56910 56944 56957 57010 57053 57079 57111 57154 57169 57180 57225 57265 57271 57278 57304 57309 57383 57390 57408 57431 57436 57474 57486 57525 57571 57619 57633 57645 57661 57698 57700 57741 57790 57796 57815 57838 57860 57864 57885 57888 57907 57915 57919 57948 57972 57996 58170 58174 58180 58197 58202 58216 58245 58296 58361 58371 58411 58438 58451 58484 58503 58520 58546 58615 58668 58765 58804 58814 58871 58890 58915 58931 58932 58949 58963 58969 59018 59025 59113 59159 59165 59217 59220 59224 59241 59266 59285 59329 59370 59399 59447 59454 59477 59506 59526 59550 59589 59646 59656 59657 59659 59689 59739 59772 59800 59818 59898 59936 59944 59969 59987 60008 60030 60036 60052 60118 60165 60173 60185 60222 60231 60238 60240 60294 60312 60409 60422 60427 60451 60462 60506 60516 60531 60541 60563 60758 60800 60822 60950 60980 61005 61030 61081 61162 61229 61256 61340 61409 61451 61501 61529 61531 61543 61680 61781 61860 61917 62017 62073 62095 62150 62152 62194 62207 62286 62300 62329 62396 62423 62438 62441 62488 62489 62513 62529 62535 62599 62668 62685 62704 62729 62737 62770 62797 62810 62816 62918 62995 62998 63026 63029 63034 63035 63036 63060 63080 63095 63110 63124 63139 63147 63199 63246 63253 63273 63276 63278 63289 63313 63332 63350 63372 63379 63467 63519 63533 63541 63611 63619 63646 63655 63685 63704 63751 63779 63832 63834 63863 63900 63931 63949 63968 64027 64029 64076 64080 64108 64157 64174 64176 64195 64201 64211 64256 64272 64346 64395 64458 64461 64472 64501 64511 64555 64593 64609 64612 64624 64670 64765 64793 64840 64904 64933 64972 64973 65003 65038 65096 65109 65170 65184 65201 65234 65243 65250 65296 65350 65365 65390 65427 65432 65474 65539 65540 65558 65572 65675 65677 65678 65739 65768 65769 65846 65920 65942 65967 65968 65998 66045 66046 66057 66088 66094 66097 66110 66157 66178 66194 66207 66215 66310 66330 66385 66443 66450 66483 66505 66527 66535 66623 66646 66654 66711 66822 66823 66939 66954 66986 66991 67052 67068 67102 67146 67260 67261 67266 67270 67298 67314 67348 67350 67431 67444 67450 67451 67459 67502 67512 67542 67579 67690 67766 67817 67844 67951 68060 68098 68117 68129 68157 68185 68192 68230 68324 68351 68374 68395 68398 68452 68502 68551 68634 68648 68669 68677 68688 68705 68740 68750 68827 68844 68846 68847 68850 68904 68907 68927 68936 68950 68988 68992 68995 69110 69186 69223 69231 69272 69339 69344 69361 69371 69404 69434 69467 69485 69529 69573 69616 69664 69680 69684 69698 69729 69766 69939 69992 69993 70000 70019 70104 70118 70183 70263 70271 70275 70301 70379 70397 70402 70496 70503 70553 70559 70563 70575 70629 70703 70766 70783 70814 70821 70846 70889 70913 70943 70983 70984 70998 71068 71102 71113 71126 71172 71210 71213 71235 71266 71311 71342 71416 71437 71447 71503 71529 71579 71582 71610 71625 71650 71689 71808 71819 71863 71865 71929 72046 72051 72057 72061 72071 72083 72132 72136 72150 72202 72217 72242 72259 72267 72323 72365 72431 72442 72459 72462 72470 72503 72531 72554 72562 72579 72713 72717 72777 72824 72898 72924 72926 72939 72949 73169 73193 73196 73212 73241 73279 73315 73327 73330 73334 73347 73348 73383 73386 73444 73554 73634 73682 73713 73772 73782 73788 73848 73938 73939 73956 74094 74147 74199 74213 74286 74301 74338 74361 74383 74406 74407 74483 74544 74628 74644 74677 74686 74725 74727 74768 74777 74806 74823 74825 74834 74918 74977 75010 75027 75058 75121 75168 75299 75323 75358 75383 75397 75401 75431 75491 75518 75658 75695 75759 75806 75817 75818 75953 76008 76064 76086 76106 76114 76129 76176 76259 76294 76317 76377 76388 76395 76397 76412 76460 76511 76531 76555 76600 76617 76635 76660 76725 76762 76908 76909 77002 77006 77017 77044 77047 77070 77144 77149 77163 77176 77295 77399 77459 77559 77622 77623 77625 77708 77866 77870 77951 77955 77971 77978 77980 78036 78090 78108 78114 78153 78175 78190 78215 78227 78252 78265 78281 78313 78381 78436 78445 78449 78457 78502 78504 78567 78579 78705 78715 78757 78758 78767 78932 78957 78963 78972 78978 78990 79037 79071 79131 79194 79252 79253 79314 79383 79401 79446 79498 79501 79506 79592 79598 79663 79676 79733 79747 79815 79818 79837 79840 79861 79869 79872 79886 79899 79968 79975 80033 80039 80086 80090 80132 80147 80158 80176 80195 80225 80280 80293 80368 80372 80386 80436 80442 80458 80489 80557 80564 80576 80631 80695 80740 80788 81041 81067 81085 81109 81111 81143 81153 81161 81168 81211 81279 81280 81308 81323 81366 81386 81452 81471 81508 81510 81530 81557 81570 81614 81733 81750 81754 81775 81820 81856 81860 81885 81941 81948 82037 82077 82102 82123 82213 82269 82271 82353 82380 82433 82488 82561 82592 82625 82633 82639 82769 82774 82798 82866 82869 82874 82915 82956 82981 83048 83055 83100 83236 83265 83283 83313 83321 83337 83371 83402 83463 83486 83555 83564 83573 83612 83622 83625 83638 83667 83732 83793 83817 83854 83965 84072 84127 84132 84177 84270 84282 84311 84327 84370 84400 84416 84438 84454 84459 84597 84645 84667 84669 84724 84748 84806 84808 84820 84861 84862 84873 84942 84957 84976 85007 85098 85102 85144 85182 85188 85189 85215 85219 85232 85309 85329 85345 85360 85400 85402 85405 85440 85507 85514 85517 85575 85605 85609 85618 85640 85732 85744 85786 85794 85804 85832 85838 85845 85864 85932 85986 85993 86258 86284 86285 86348 86404 86409 86418 86455 86596 86612 86616 86672 86702 86765 86772 86801 86945 86964 86966 87013 87053 87063 87070 87099 87132 87208 87249 87253 87263 87315 87342 87360 87427 87435 87448 87497 87561 87598 87607 87610 87622 87626 87642 87644 87689 87746 87802 87840 87848 87860 87861 87942 87947 87962 87999 88028 88043 88059 88065 88127 88131 88223 88238 88362 88404 88439 88442 88447 88448 88494 88519 88542 88625 88646 88656 88658 88740 88770 88793 88841 88862 88942 88960 88977 89014 89064 89096 89136 89176 89184 89189 89193 89239 89243 89309 89393 89468 89487 89492 89540 89560 89567 89569 89601 89618 89652 89654 89662 89680 89713 89730 89743 89757 89762 89836 89840 89844 89885 89913 89918 89940 89961 90058 90104 90127 90146 90148 90152 90181 90217 90226 90266 90287 90303 90308 90312 90321 90330 90383 90415 90495 90525 90531 90542 90576 90590 90600 90602 90607 90615 90627 90660 90672 90696 90698 90705 90733 90757 90774 90793 90796 90851 90911 90921 90926 90952 90959 91046 91054 91073 91171 91234 91236 91247 91271 91335 91355 91390 91413 91429 91483 91488 91535 91536 91571 91613 91649 91665 91704 91723 91735 91757 91768 91772 91790 91861 91879 91883 91889 91912 91935 92015 92056 92089 92179 92240 92333 92414 92485 92508 92531 92550 92555 92641 92658 92708 92720 92836 92856 92897 92935 93050 93065 93083 93086 93279 93294 93364 93387 93421 93437 93466 93499 93519 93521 93541 93576 93613 93617 93662 93678 93751 93754 93764 93885 93971 93981 94066 94074 94112 94190 94240 94260 94262 94283 94340 94380 94411 94428 94435 94487 94518 94534 94539 94558 94561 94598 94602 94679 94684 94697 94706 94719 94762 94803 94845 94861 94880 94955 94977 95089 95121 95253 95406 95432 95438 95456 95496 95521 95539 95550 95551 95558 95569 95580 95588 95606 95643 95652 95658 95667 95687 95734 95791 95802 95818 95845 95853 95858 95953 95968 95989 96027 96035 96041 96042 96078 96100 96141 96168 96180 96235 96321 96326 96357 96365 96432 96454 96470 96538 96566 96631 96645 96651 96751 96850 96852 96889 96898 96911 96975 97010 97027 97033 97045 97076 97132 97147 97263 97334 97345 97425 97439 97503 97512 97532 97539 97589 97610 97671 97682 97685 97715 97780 97813 97867 97962 97974 97984 98050 98083 98105 98143 98202 98214 98267 98284 98299 98359 98503 98505 98509 98538 98556 98568 98606 98611 98651 98662 98678 98751 98781 98792 98808 98830 98837 98847 98955 98982 98988 99006 99020 99024 99070 99142 99143 99165 99209 99231 99235 99312 99318 99320 99373 99422 99457 99462 99498 99512 99514 99703 99755 99735 99797 
OK
OK
OK
El vector no está ordenado en el índice 2994.
KO
6 75 93 94 97 113 169 190 354 355 384 393 426 434 468 564 576 655 691 771 790 791 792 855 892 997 1013 1035 1068 1116 1169 1170 1180 1220 1253 1281 1312 1357 1366 1391 1407 1430 1439 1461 1535 1597 1667 1750 1782 1819 1887 1912 1947 1960 2036 2060 2153 2179 2231 2308 2323 2383 2437 2478 2487 2489 2548 2549 2580 2613 2618 2753 2807 2892 2961 2996 3001 3060 3066 3069 3094 3135 3140 3154 3167 3181 3187 3227 3249 3294 3309 3316 3332 3391 3409 3418 3436 3505 3510 3535 3581 3611 3613 3638 3681 3685 3712 3740 3820 3836 3876 3945 3971 4047 4059 4065 4068 4096 4097 4103 4121 4160 4188 4195 4235 4361 4379 4391 4421 4459 4555 4575 4584 4605 4610 4619 4639 4641 4649 4671 4716 4736 4774 4806 4844 4872 4891 4895 4919 4953 4961 4963 5067 5068 5188 5259 5273 5292 5370 5429 5473 5495 5512 5516 5537 5562 5603 5604 5643 5716 5729 5736 5770 5848 5947 5956 6062 6069 6076 6213 6229 6249 6253 6283 6416 6464 6498 6543 6544 6553 6592 6595 6612 6638 6669 6691 6741 6796 6830 6884 6981 6985 7019 7022 7070 7073 7088 7119 7131 7135 7177 7189 7195 7202 7205 7230 7251 7302 7327 7342 7348 7369 7385 7503 7509 7565 7622 7629 7677 7702 7717 7719 7726 7728 7757 7792 7924 7980 7991 8025 8044 8048 8089 8224 8309 8362 8448 8452 8455 8521 8619 8688 8750 8753 8793 8852 8855 8896 8914 8954 8974 9062 9080 9106 9128 9157 9206 9274 9284 9330 9386 9391 9478 9506 9507 9549 9599 9621 9623 9685 9722 9760 9778 9790 9792 9879 9912 9931 9942 9953 9956 10008 10156 10181 10190 10214 10227 10241 10265 10278 10288 10337 10343 10399 10404 10424 10487 10524 10537 10552 10565 10637 10639 10655 10793 10798 10861 11006 11022 11027 11129 11132 11180 11182 11208 11231 11256 11299 11309 11316 11384 11388 11408 11445 11500 11520 11525 11538 11585 11652 11667 11736 11771 11779 11820 11932 11936 12041 12088 12096 12116 12124 12163 12177 12214 12282 12283 12287 12327 12328 12375 12392 12414 12432 12445 12449 12462 12467 12588 12591 12649 12655 12746 12753 12777 12845 12846 12850 12915 13157 13164 13272 13289 13444 13454 13523 13532 13633 13645 13680 13691 13738 13822 13832 13873 13879 13881 13957 13976 14068 14103 14171 14199 14209 14224 14292 14316 14330 14360 14363 14370 14414 14480 14485 14535 14550 14557 14564 14663 14701 14804 14896 14989 15033 15053 15073 15121 15139 15141 15164 15189 15210 15218 15244 15251 15281 15291 15297 15301 15341 15358 15404 15419 15439 15440 15460 15465 15494 15533 15590 15671 15724 15728 15764 15783 15812 15832 15855 15856 15922 15946 15956 15972 16002 16020 16024 16043 16050 16111 16126 16136 16137 16177 16182 16197 16224 16292 16316 16419 16429 16494 16518 16613 16617 16621 16626 16681 16693 16806 16831 16915 16928 16954 16988 16994 17007 17008 17037 17041 17086 17127 17184 17211 17253 17304 17337 17369 17457 17490 17511 17519 17522 17542 17580 17619 17625 17633 17643 17661 17689 17759 17807 17820 17822 17830 17884 17887 17905 17924 17937 18092 18155 18191 18235 18292 18311 18425 18426 18430 18450 18465 18468 18530 18542 18620 18631 18633 18739 18796 18828 18961 18976 19071 19082 19104 19134 19144 19150 19177 19192 19244 19273 19312 19355 19398 19526 19547 19558 19594 19600 19625 19640 19650 19656 19674 19680 19719 19805 19806 19854 19899 19937 19959 19994 20018 20088 20219 20250 20265 20308 20311 20396 20423 20493 20526 20559 20572 20598 20681 20686 20689 20711 20715 20735 20805 20812 20848 20868 20919 20934 20950 21047 21062 21125 21131 21216 21256 21351 21395 21399 21502 21503 21514 21533 21535 21588 21611 21634 21730 21756 21832 21898 21915 21987 22014 22015 22029 22085 22086 22093 22105 22122 22168 22203 22241 22251 22256 22314 22324 22354 22453 22456 22476 22507 22529 22530 22553 22562 22685 22769 22802 22805 22819 22830 22851 22886 22889 22893 22949 22966 22989 23113 23203 23297 23314 23325 23334 23351 23354 23417 23426 23534 23548 23607 23635 23640 23666 23694 23758 23788 23793 23854 23911 23946 23948 23969 24018 24037 24072 24122 24132 24168 24200 24246 24296 24298 24402 24413 24432 24458 24467 24502 24532 24588 24612 24655 24661 24673 24688 24695 24755 24830 24874 24952 24961 24992 25042 25060 25086 25089 25116 25149 25153 25195 25241 25303 25341 25345 25354 25363 25445 25447 25467 25490 25676 25695 25710 25711 25754 25778 25806 25815 25842 25868 25870 25881 25944 26007 26030 26052 26156 26176 26198 26203 26244 26250 26315 26380 26390 26430 26470 26547 26563 26591 26602 26605 26611 26637 26653 26673 26684 26695 26762 26841 26876 26893 26911 26924 26925 26963 26977 26990 27015 27130 27233 27237 27243 27264 27275 27278 27318 27331 27345 27386 27426 27439 27443 27445 27459 27468 27488 27520 27522 27553 27596 27630 27635 27659 27666 27680 27708 27719 27728 27795 27889 27898 27899 28029 28307 28338 28349 28359 28368 28427 28448 28487 28510 28519 28537 28557 28561 28573 28574 28597 28662 28706 28745 28752 28770 28783 28865 28898 28906 28934 28966 28975 29163 29180 29194 29260 29265 29289 29362 29410 29496 29501 29629 29678 29702 29707 29712 29713 29749 29776 29806 29814 29838 29850 29853 29856 29891 29919 29931 30040 30177 30241 30267 30280 30281 30322 30324 30328 30329 30346 30354 30399 30425 30445 30469 30483 30491 30493 30513 30551 30605 30639 30677 30710 30729 30761 30793 30826 30873 30884 30897 30904 30908 30949 30972 31012 31013 31021 31100 31181 31229 31233 31236 31268 31276 31282 31289 31347 31357 31426 31432 31439 31443 31498 31517 31560 31574 31581 31611 31621 31888 31927 31938 31972 32040 32053 32067 32088 32103 32145 32284 32295 32319 32329 32356 32442 32466 32486 32506 32546 32548 32590 32634 32665 32667 32680 32758 32759 32796 32811 32812 32817 32834 32855 32884 32886 32907 32988 33001 33003 33045 33046 33049 33084 33143 33169 33209 33212 33244 33293 33339 33354 33387 33393 33428 33469 33480 33483 33571 33588 33642 33656 33704 33721 33739 33757 33759 33763 33826 33839 33884 33908 33951 34022 34024 34050 34061 34117 34146 34179 34188 34213 34223 34276 34294 34353 34418 34427 34449 34503 34527 34536 34537 34567 34667 34687 34717 34725 34727 34751 34764 34797 34801 34814 34833 34868 34908 34926 35063 35111 35118 35125 35151 35222 35351 35371 35374 35401 35452 35458 35514 35518 35532 35583 35589 35600 35641 35650 35657 35663 35719 35910 35925 36004 36006 36040 36057 36091 36244 36308 36329 36346 36356 36419 36439 36495 36545 36585 36647 36710 36813 36818 36899 36900 36955 36963 36996 37006 37056 37102 37163 37169 37183 37240 37250 37252 37277 37341 37345 37355 37404 37407 37414 37442 37480 37490 37560 37577 37602 37618 37692 37782 37796 37800 37811 37867 37873 37905 37915 37962 38002 38125 38128 38185 38195 38201 38239 38245 38325 38334 38373 38375 38382 38391 38450 38476 38517 38540 38571 38584 38649 38683 38739 38869 38947 38981 39041 39062 39117 39118 39137 39154 39178 39189 39193 39271 39284 39289 39292 39356 39361 39411 39428 39458 39466 39489 39531 39539 39573 39574 39619 39636 39668 39672 39787 39801 39831 39859 39867 39947 40004 40051 40054 40110 40129 40143 40194 40225 40232 40296 40326 40336 40428 40446 40451 40482 40490 40491 40496 40605 40643 40660 40702 40711 40764 40791 40860 40974 41012 41026 41083 41118 41167 41207 41249 41261 41265 41291 41295 41303 41310 41327 41334 41357 41361 41413 41429 41482 41536 41596 41715 41737 41742 41759 41784 41820 41867 41883 41934 41958 41973 42022 42023 42061 42210 42292 42302 42322 42324 42399 42496 42505 42607 42623 42658 42665 42666 42760 42774 42777 42779 42830 42862 42870 42895 42899 42907 42917 42958 43007 43056 43057 43089 43098 43109 43118 43132 43156 43163 43166 43169 43189 43191 43214 43246 43273 43349 43357 43424 43499 43533 43628 43642 43670 43705 43762 43792 43812 43838 43855 43856 43890 43891 43903 43908 43945 44004 44022 44045 44075 44085 44170 44175 44243 44262 44308 44335 44403 44404 44590 44597 44599 44648 44709 44723 44760 44771 44906 44931 44949 44972 45020 45057 45077 45109 45131 45171 45225 45283 45323 45372 45373 45405 45449 45551 45577 45633 45636 45637 45658 45675 45830 45851 45859 45948 45995 46029 46047 46112 46129 46144 46190 46201 46208 46280 46322 46329 46496 46497 46507 46542 46548 46584 46587 46618 46632 46772 46825 46851 46942 46943 46982 47016 47021 47080 47106 47111 47119 47207 47299 47334 47341 47389 47395 47732 47741 47760 47785 47815 47816 47824 47834 47852 47858 47891 47964 47989 48003 48034 48072 48115 48136 48140 48239 48282 48363 48419 48420 48451 48478 48484 48486 48501 48505 48507 48530 48535 48543 48557 48570 48587 48614 48637 48652 48657 48726 48767 48771 48782 48800 48838 48848 48854 48912 48918 48952 48980 48983 49024 49099 49117 49129 49145 49149 49202 49248 49303 49337 49356 49402 49434 49448 49457 49494 49505 49510 49682 49774 49787 49858 49879 49911 49947 50057 50059 50110 50123 50128 50155 50183 50184 50191 50253 50275 50317 50322 50340 50358 50364 50444 50478 50490 50540 50556 50587 50589 50631 50637 50664 50686 50696 50732 50735 50791 50811 50818 50828 50843 50846 50850 50889 50893 50919 50999 51037 51044 51062 51094 51107 51270 51309 51393 51400 51434 51448 51467 51489 51491 51506 51517 51565 51586 51616 51630 51639 51694 51737 51756 51762 51764 51867 51870 51920 51982 52013 52018 52055 52066 52110 52116 52149 52181 52234 52248 52254 52291 52335 52351 52353 52367 52382 52401 52549 52589 52621 52683 52734 52747 52776 52786 52789 52790 52887 52966 53083 53108 53120 53160 53172 53176 53193 53220 53257 53416 53522 53662 53771 53789 53792 53825 53828 53831 53847 53938 53987 54030 54038 54062 54069 54088 54144 54164 54237 54307 54347 54397 54432 54435 54547 54562 54591 54667 54705 54713 54730 54757 54840 54901 54917 54920 54938 54943 54996 55056 55153 55177 55192 55210 55218 55272 55303 55345 55417 55450 55484 55544 55547 55652 55674 55694 55806 55836 55861 55909 55952 56011 56086 56109 56112 56168 56181 56226 56242 56282 56294 56298 56312 56363 56407 56530 56534 56578 56690 56708 56723 56811 56831 56900 56919 56974 57008 57063 57067 57082 57160 57194 57305 57309 57348 57360 57362 57376 57408 57416 57479 57522 57552 57564 57569 57599 57607 57635 57664 57688 57758 57802 57835 57836 57852 57876 57909 57932 57970 57986 58037 58040 58127 58205 58273 58401 58447 58448 58458 58515 58525 58539 58623 58731 58779 58790 58815 58819 58864 58868 59009 59030 59035 59052 59057 59069 59072 59078 59082 59106 59140 59149 59154 59192 59258 59263 59292 59309 59330 59359 59415 59423 59470 59475 59533 59550 59617 59619 59670 59707 59714 59736 59748 59824 59850 59954 59960 59983 60059 60108 60111 60127 60145 60153 60155 60220 60227 60283 60293 60301 60317 60390 60502 60576 60613 60645 60709 60721 60779 60789 60885 60922 60941 60959 60960 60966 61016 61031 61055 61145 61155 61190 61191 61198 61232 61235 61273 61302 61356 61386 61396 61544 61553 61599 61757 61760 61776 61833 61844 61849 61851 61906 61924 61936 61980 61985 62017 62041 62050 62061 62094 62218 62235 62313 62339 62378 62386 62406 62423 62436 62456 62472 62517 62570 62586 62610 62615 62638 62682 62762 62793 62796 62802 62811 62819 62858 62864 62892 62911 62916 62960 62984 63067 63073 63147 63166 63196 63276 63277 63279 63297 63323 63328 63408 63423 63468 63480 63529 63539 63547 63576 63590 63685 63686 63690 63692 63726 63737 63774 63790 63807 63818 63821 63835 63839 63931 63940 63987 64009 64028 64095 64148 64341 64342 64346 64369 64535 64567 64600 64617 64620 64622 64631 64642 64671 64708 64733 64796 64871 64879 64907 64920 64936 64937 64994 65006 65044 65050 65103 65123 65146 65149 65161 65167 65173 65184 65202 65206 65218 65272 65322 65433 65444 65487 65509 65588 65596 65648 65673 65698 65727 65738 65787 65792 65801 65908 65917 65934 65984 65995 66015 66029 66046 66056 66071 66109 66115 66145 66193 66274 66293 66313 66431 66471 66476 66513 66519 66539 66603 66609 66624 66691 66700 66703 66739 66750 66791 66816 66833 66834 66948 66989 67017 67103 67117 67144 67201 67204 67211 67220 67230 67251 67276 67299 67324 67390 67406 67442 67454 67463 67478 67512 67518 67541 67561 67563 67576 67684 67774 67816 67832 67841 67884 67895 68000 68035 68135 68185 68191 68210 68248 68271 68376 68388 68438 68506 68512 68607 68627 68698 68702 68748 68761 68781 68814 68836 69006 69032 69141 69168 69200 69210 69321 69322 69350 69372 69373 69378 69385 69397 69423 69445 69458 69469 69590 69660 69787 69789 69808 69929 69955 69962 69981 69984 69988 70026 70052 70066 70100 70102 70104 70150 70173 70193 70246 70272 70278 70306 70314 70340 70364 70478 70490 70505 70528 70549 70600 70670 70676 70695 70701 70721 70733 70762 70773 70833 70919 70939 71014 71078 71083 71116 71131 71192 71219 71257 71327 71334 71339 71367 71399 71404 71442 71471 71484 71489 71505 71533 71592 71627 71628 71640 71669 71694 71731 71732 71758 71847 71885 72007 72013 72022 72083 72138 72160 72162 72183 72190 72206 72207 72219 72370 72426 72460 72518 72549 72566 72604 72613 72614 72694 72695 72708 72741 72957 73094 73113 73159 73183 73194 73214 73256 73274 73313 73323 73326 73380 73408 73426 73428 73497 73502 73527 73529 73631 73637 73649 73672 73694 73702 73772 73789 73841 73845 73854 73879 73889 73896 73931 74024 74055 74077 74101 74134 74138 74145 74154 74158 74175 74186 74243 74256 74272 74287 74302 74332 74347 74379 74464 74470 74607 74608 74620 74644 74672 74708 74730 74771 74879 74907 74920 74957 74987 74988 74994 74999 75009 75051 75069 75130 75213 75215 75222 75234 75249 75388 75446 75517 75530 75536 75635 75734 75743 75752 75811 75834 75852 75859 75884 75900 75904 75911 75944 75972 75977 76019 76044 76066 76090 76133 76192 76201 76230 76282 76283 76344 76371 76421 76456 76485 76490 76513 76516 76533 76575 76591 76651 76681 76692 76739 76754 76773 76832 76839 76864 76904 76917 76926 76958 77008 77084 77091 77151 77179 77240 77302 77329 77335 77365 77394 77438 77441 77490 77491 77494 77568 77573 77592 77593 77598 77653 77705 77713 77728 77823 77851 77864 77895 77934 77944 77965 77983 78059 78060 78086 78095 78099 78128 78244 78253 78260 78269 78276 78305 78340 78382 78393 78398 78451 78454 78519 78590 78597 78732 78740 78773 78800 78828 78874 78899 78910 78917 78929 79011 79014 79094 79115 79119 79163 79230 79257 79280 79289 79294 79327 79346 79358 79386 79419 79480 79541 79548 79617 79621 79645 79681 79689 79706 79715 79721 79728 79779 79798 79799 79897 79915 79937 79995 80064 80078 80099 80134 80185 80203 80209 80267 80289 80298 80305 80321 80333 80442 80489 80497 80510 80513 80518 80646 80649 80663 80680 80691 80724 80735 80789 80835 80845 80869 80990 81056 81162 81181 81274 81306 81321 81322 81503 81509 81530 81582 81611 81655 81778 81817 81827 81845 81859 81919 81924 81925 81954 81958 81960 81993 82014 82174 82205 82207 82261 82263 82264 82429 82437 82438 82463 82481 82488 82516 82532 82585 82615 82702 82735 82796 82822 82862 82898 82921 82932 82983 83008 83055 83064 83071 83073 83102 83240 83288 83321 83340 83355 83368 83372 83374 83375 83410 83466 83470 83488 83498 83538 83576 83621 83665 83674 83721 83746 83763 83808 83912 83946 83977 84007 84158 84168 84243 84279 84290 84368 84369 84386 84421 84557 84567 84627 84639 84684 84712 84722 84731 84733 84848 84944 84961 84988 85070 85152 85211 85229 85232 85253 85271 85315 85325 85370 85380 85486 85509 85526 85618 85641 85643 85674 85696 85703 85843 85847 85864 85877 85878 85897 85924 85950 85979 86004 86072 86094 86098 86127 86140 86178 86203 86210 86261 86288 86325 86397 86522 86542 86558 86585 86598 86686 86690 86704 86714 86756 86787 86849 86856 86860 86909 86949 86980 86985 87094 87146 87197 87228 87278 87400 87404 87431 87535 87592 87679 87705 87721 87725 87759 87778 87846 87847 87870 87872 87907 87915 87937 87981 87982 88018 88075 88089 88150 88220 88247 88248 88280 88313 88332 88352 88367 88375 88376 88436 88439 88457 88520 88585 88617 88621 88623 88648 88742 88745 88746 88819 88822 88867 88893 88907 88944 89034 89047 89090 89118 89129 89183 89188 89224 89288 89340 89350 89368 89413 89420 89481 89486 89513 89529 89658 89690 89749 89843 89882 89908 89910 89933 89934 89957 89962 89965 90041 90078 90089 90170 90181 90202 90206 90230 90254 90255 90259 90264 90292 90355 90371 90375 90387 90462 90477 90491 90510 90552 90576 90596 90608 90610 90692 90696 90724 90729 90743 90856 90978 91030 91061 91095 91110 91125 91152 91198 91210 91233 91236 91283 91341 91360 91386 91455 91483 91488 91548 91579 91592 91655 91662 91674 91710 91712 91735 91743 91769 91788 91795 91821 91826 91857 91883 91902 91904 91920 91929 91949 92007 92020 92025 92058 92065 92072 92107 92135 92155 92182 92258 92328 92420 92422 92468 92533 92542 92554 92591 92607 92625 92679 92735 92758 92817 92857 92888 92919 92940 92976 93021 93037 93077 93082 93113 93143 93184 93201 93220 93267 93313 93319 93436 93447 93584 93635 93667 93679 93695 93753 93761 93776 93848 93892 93898 93958 94008 94039 94046 94047 94063 94076 94085 94133 94158 94172 94235 94320 94367 94371 94386 94406 94489 94582 94585 94604 94687 94716 94723 94779 94785 94793 94795 94815 94863 94876 94878 94896 94986 95050 95053 95137 95210 95218 95227 95262 95268 95310 95349 95355 95362 95470 95494 95561 95586 95631 95640 95658 95672 95704 95813 95863 95881 95895 95909 95943 96055 96109 96135 96249 96297 96298 96335 96341 96409 96448 96529 96550 96565 96582 96586 96703 96728 96738 96747 96753 96795 96823 96935 96944 97024 97056 97064 97066 97067 97073 97108 97129 97168 97183 97252 97328 97349 97377 97393 97416 97423 97466 97477 97478 97522 97566 97573 97590 97595 97600 97660 97675 97752 97779 97792 97801 97811 97835 97854 97874 97917 97955 98002 98050 98051 98087 98124 98154 98166 98171 98191 98198 98283 98285 98320 98336 98346 98355 98371 98374 98496 98591 98612 98708 98721 98769 98829 98923 99082 99160 99175 99220 99304 99355 99376 99392 99395 99425 99437 99438 99459 99469 99485 99492 99578 99593 99599 99640 99650 99666 99711 99721 99748 99836 99865 99897 99887 
OK
OK
OK
OK
OK
OK
OK
OK
OK
OK
OK
OK
OK
OK
OK
OK
OK
El vector no está ordenado en el índice 2994.
KO
18 49 50 86 89 119 122 171 177 249 265 272 288 297 301 304 336 341 351 380 395 427 450 454 491 505 651 657 759 777 833 969 975 1018 1040 1057 1099 1170 1224 1265 1283 1292 1361 1379 1439 1471 1512 1539 1585 1594 1601 1623 1631 1700 1767 1778 1786 1829 1849 1894 1936 1944 1984 2012 2026 2051 2053 2091 2102 2103 2120 2247 2250 2290 2334 2358 2380 2416 2427 2460 2474 2510 2536 2548 2559 2623 2629 2677 2703 2729 2744 2881 2926 2985 2992 3049 3074 3122 3124 3140 3197 3211 3364 3397 3455 3465 3670 3720 3844 3873 3943 4043 4105 4134 4140 4143 4169 4193 4275 4338 4347 4380 4423 4428 4443 4444 4453 4471 4526 4570 4578 4625 4669 4677 4720 4753 4776 4778 4809 4813 4904 4926 4983 5002 5015 5074 5133 5211 5216 5249 5254 5280 5313 5340 5376 5381 5404 5421 5445 5470 5495 5536 5593 5670 5720 5739 5761 5774 5782 5797 5875 5878 5886 5904 6008 6020 6030 6033 6083 6126 6154 6169 6357 6395 6401 6414 6439 6452 6468 6737 6781 6806 6820 6841 6892 6944 6951 6958 6961 7018 7028 7036 7046 7065 7099 7136 7204 7258 7273 7277 7279 7281 7286 7333 7340 7358 7391 7464 7507 7514 7536 7573 7609 7636 7652 7655 7681 7751 7763 7803 7835 7852 7895 7904 7961 8007 8054 8072 8096 8101 8108 8110 8158 8187 8196 8197 8266 8310 8331 8334 8359 8396 8438 8452 8465 8494 8575 8593 8594 8595 8613 8671 8694 8724 8731 8764 8811 8820 8826 8831 8902 8924 8948 8977 8990 9026 9050 9074 9108 9145 9224 9380 9381 9391 9394 9434 9454 9472 9496 9515 9529 9625 9640 9668 9682 9739 9785 9886 9891 9905 9957 9968 10024 10120 10158 10166 10181 10205 10214 10239 10257 10278 10337 10370 10381 10382 10433 10436 10442 10463 10505 10510 10518 10540 10565 10597 10614 10629 10646 10730 10748 10753 10757 10770 10772 10785 10807 10854 10863 10885 10889 10902 10927 10972 11022 11079 11197 11280 11333 11418 11420 11488 11508 11549 11624 11687 11710 11731 11742 11780 11782 11793 11809 11894 11899 11995 11997 12009 12021 12050 12149 12173 12282 12296 12306 12308 12317 12337 12394 12436 12438 12445 12457 12481 12491 12497 12502 12513 12556 12608 12636 12685 12759 12773 12862 12876 12878 12897 12943 12972 12975 12988 12997 13086 13091 13103 13110 13117 13126 13135 13149 13156 13183 13240 13312 13363 13373 13506 13543 13601 13606 13608 13636 13654 13656 13692 13718 13729 13767 13797 13811 13818 13829 13846 13857 13872 13929 13930 13992 14103 14167 14194 14216 14218 14314 14330 14352 14373 14379 14382 14441 14462 14541 14624 14640 14671 14720 14909 14910 14968 14985 15016 15054 15116 15132 15142 15149 15163 15216 15248 15351 15370 15393 15407 15416 15507 15554 15561 15605 15635 15644 15670 15691 15724 15728 15772 15787 15814 15863 16031 16057 16059 16062 16096 16107 16126 16132 16138 16149 16184 16203 16317 16330 16375 16397 16406 16410 16422 16425 16496 16498 16593 16599 16703 16710 16754 16812 16932 16955 16960 17002 17039 17096 17190 17192 17200 17220 17232 17249 17275 17327 17354 17432 17500 17534 17546 17553 17561 17570 17584 17620 17670 17677 17787 17924 17951 18034 18069 18145 18160 18184 18223 18242 18363 18371 18385 18390 18476 18488 18514 18592 18613 18627 18635 18643 18700 18741 18772 18792 18793 18797 18846 18900 18943 19033 19072 19089 19111 19182 19201 19232 19257 19265 19296 19297 19313 19339 19346 19349 19357 19393 19404 19468 19491 19541 19552 19605 19616 19681 19715 19728 19873 19882 19920 20029 20065 20069 20117 20158 20244 20249 20270 20299 20351 20481 20501 20532 20548 20556 20558 20632 20657 20661 20692 20724 20737 20739 20782 20821 20916 20931 20958 21031 21076 21095 21119 21135 21156 21207 21211 21417 21485 21491 21505 21506 21565 21566 21601 21695 21787 21841 21846 21864 21870 21886 22013 22020 22053 22061 22070 22105 22232 22237 22279 22292 22339 22341 22349 22388 22461 22501 22534 22573 22578 22583 22593 22594 22602 22695 22715 22747 22753 22766 22834 22851 22893 22905 22997 23011 23024 23028 23031 23066 23076 23097 23104 23142 23170 23223 23344 23384 23425 23459 23463 23465 23481 23552 23659 23734 23766 23767 23771 23846 23865 23868 23887 23890 23943 24020 24080 24095 24111 24211 24224 24262 24281 24296 24311 24433 24448 24508 24702 24718 24738 24777 24788 24791 24799 24833 24900 24917 24921 24991 25014 25084 25138 25231 25252 25281 25299 25310 25507 25585 25606 25645 25713 25718 25745 25775 25784 25808 25842 25864 25924 25935 25953 25999 26023 26092 26169 26192 26210 26272 26291 26320 26380 26444 26537 26543 26561 26562 26595 26624 26646 26659 26687 26707 26760 26874 26902 26904 26917 26941 26952 26960 26993 27002 27007 27034 27036 27044 27079 27080 27107 27122 27199 27265 27294 27302 27354 27542 27549 27618 27678 27715 27750 27758 27845 27856 27877 27883 27890 27911 27931 28032 28039 28044 28084 28112 28131 28138 28174 28247 28318 28341 28367 28403 28413 28416 28494 28520 28556 28562 28597 28666 28693 28694 28720 28763 28764 28796 28831 28844 28859 29041 29043 29131 29159 29246 29275 29312 29324 29357 29453 29481 29501 29550 29556 29616 29628 29682 29703 29715 29759 29778 29810 29877 29909 29937 29944 29967 29968 29977 29999 30152 30184 30185 30211 30221 30241 30278 30307 30308 30411 30416 30479 30502 30503 30510 30549 30565 30613 30631 30672 30695 30701 30712 30718 30881 30948 30953 30963 30987 30989 31054 31070 31150 31152 31159 31199 31210 31229 31263 31315 31370 31372 31443 31492 31494 31496 31530 31534 31539 31553 31556 31566 31570 31607 31657 31665 31683 31709 31737 31748 31885 31888 31905 31918 31930 31937 32009 32013 32047 32115 32199 32244 32275 32319 32331 32382 32464 32521 32540 32553 32583 32604 32606 32670 32674 32675 32682 32724 32764 32790 32801 32866 32868 32930 32956 32972 33000 33023 33025 33086 33162 33172 33176 33193 33212 33214 33226 33250 33257 33317 33355 33379 33458 33464 33513 33531 33540 33575 33581 33652 33740 33762 33772 33782 33851 33875 33965 34004 34051 34075 34089 34116 34141 34211 34237 34248 34263 34279 34324 34379 34524 34552 34565 34574 34591 34610 34623 34626 34735 34762 34767 34779 34794 34862 34869 34904 34914 34928 34974 34990 35118 35151 35174 35290 35296 35306 35334 35342 35350 35391 35400 35429 35451 35457 35493 35524 35550 35552 35557 35604 35622 35642 35647 35652 35679 35777 35801 35816 35868 35873 35874 35878 35879 35882 35888 35912 35925 35971 36018 36030 36048 36152 36189 36204 36278 36334 36359 36365 36426 36443 36494 36498 36614 36637 36678 36755 36771 36823 36928 36939 37055 37081 37199 37244 37258 37309 37348 37351 37352 37360 37361 37399 37418 37446 37463 37511 37519 37565 37568 37573 37580 37613 37632 37648 37659 37672 37691 37695 37786 37797 37809 37850 37880 37914 37921 37935 37966 37981 38003 38014 38032 38056 38090 38094 38156 38215 38229 38254 38271 38383 38392 38399 38418 38444 38506 38524 38535 38570 38573 38611 38632 38674 38714 38746 38760 38800 38807 38843 38854 38859 38909 38936 38974 38977 38986 39151 39201 39209 39329 39383 39434 39459 39552 39616 39623 39676 39715 39780 39785 39813 39898 39942 39986 40013 40030 40063 40087 40131 40150 40167 40187 40198 40235 40264 40332 40368 40437 40440 40471 40506 40534 40541 40544 40589 40600 40634 40678 40790 40802 40839 40873 40875 40941 40970 40971 40974 41202 41210 41250 41332 41334 41337 41400 41420 41422 41519 41561 41578 41593 41599 41601 41615 41661 41666 41671 41682 41695 41708 41718 41732 41753 41764 41768 41853 41862 41866 42044 42059 42094 42113 42131 42135 42260 42295 42386 42411 42414 42553 42569 42591 42719 42787 42830 42858 42889 42904 42906 42921 42986 42992 43026 43046 43182 43195 43236 43255 43310 43341 43403 43419 43424 43531 43556 43562 43673 43715 43743 43746 43751 43774 43880 43885 43907 43969 43983 44008 44043 44216 44280 44286 44331 44343 44371 44438 44444 44464 44473 44523 44570 44593 44602 44670 44678 44688 44702 44711 44721 44776 44784 44816 44844 44880 44924 44976 45005 45041 45096 45133 45179 45190 45239 45292 45320 45326 45345 45353 45409 45438 45490 45503 45525 45579 45605 45606 45617 45677 45754 45762 45806 45813 45846 45878 45901 45915 45963 45974 46012 46022 46046 46074 46079 46100 46109 46111 46156 46171 46187 46200 46214 46241 46273 46281 46289 46291 46327 46333 46339 46466 46487 46491 46511 46634 46752 46763 46801 46825 46830 46839 46918 46920 46974 47039 47061 47072 47079 47140 47210 47214 47227 47262 47315 47445 47513 47539 47571 47594 47666 47702 47729 47769 47773 47840 47917 47949 47957 47980 48001 48094 48117 48165 48234 48269 48293 48304 48333 48342 48345 48376 48388 48443 48486 48496 48504 48537 48551 48558 48591 48605 48613 48642 48713 48724 48787 48808 48879 48950 48954 49006 49066 49083 49118 49137 49176 49187 49194 49197 49264 49267 49362 49403 49411 49425 49508 49576 49599 49636 49802 49821 49853 49859 49920 49954 49991 50006 50024 50067 50080 50110 50117 50164 50169 50207 50242 50287 50292 50315 50352 50452 50479 50492 50501 50520 50555 50578 50630 50649 50675 50745 50775 50797 50840 50917 50921 50950 50979 51001 51017 51037 51038 51047 51072 51074 51089 51139 51161 51214 51232 51243 51278 51304 51342 51413 51419 51448 51497 51501 51573 51702 51766 51771 51797 51801 51966 51975 52017 52032 52033 52114 52123 52241 52285 52293 52338 52367 52368 52374 52412 52427 52471 52480 52484 52523 52533 52557 52569 52602 52662 52696 52730 52751 52778 52802 52810 52860 52895 52910 52979 53015 53024 53030 53052 53068 53104 53108 53147 53180 53235 53253 53295 53455 53481 53506 53635 53650 53696 53763 53785 53852 53858 53868 53917 53921 53952 53953 53985 53987 53989 54012 54112 54126 54133 54155 54175 54211 54235 54294 54340 54355 54372 54423 54454 54524 54532 54586 54591 54608 54693 54698 54730 54737 54783 54804 54847 54869 54898 54944 54949 54981 55124 55128 55173 55209 55300 55312 55332 55370 55405 55482 55487 55512 55544 55566 55579 55615 55617 55623 55637 55677 55679 55695 55715 55720 55746 55834 55846 55854 55888 55938 55941 55998 56001 56004 56013 56025 56110 56147 56150 56195 56239 56255 56275 56301 56310 56321 56422 56431 56509 56544 56602 56617 56627 56629 56637 56655 56690 56716 56737 56750 56759 56772 56796 56906 56945 56981 57006 57016 57077 57134 57153 57179 57226 57339 57357 57445 57485 57491 57503 57544 57569 57579 57654 57684 57687 57699 57760 57810 57826 57828 57849 57919 57928 57929 57962 58070 58085 58212 58252 58260 58287 58345 58396 58437 58451 58459 58518 58558 58610 58614 58622 58628 58636 58637 58719 58720 58723 58729 58745 58775 58856 58955 58968 59005 59057 59059 59111 59112 59181 59200 59204 59270 59380 59490 59502 59505 59508 59523 59578 59581 59600 59806 59836 59839 59843 59848 59860 59895 59911 59912 59984 59985 60000 60042 60060 60129 60225 60226 60358 60368 60371 60373 60416 60421 60463 60476 60479 60492 60528 60590 60661 60689 60691 60729 60749 60792 60801 60907 60912 60914 60933 60969 61055 61087 61097 61100 61116 61145 61194 61247 61248 61260 61311 61357 61366 61369 61397 61469 61501 61664 61741 61771 61860 61889 61892 61908 61911 61940 61953 61956 62026 62062 62090 62148 62170 62185 62199 62209 62262 62324 62334 62335 62349 62351 62367 62388 62413 62423 62469 62479 62517 62556 62559 62600 62601 62608 62619 62658 62691 62725 62735 62890 62917 62958 63002 63007 63043 63125 63169 63186 63194 63204 63221 63248 63259 63303 63309 63318 63338 63457 63589 63670 63740 63758 63767 63790 63925 63964 64006 64008 64012 64029 64038 64066 64177 64188 64282 64308 64314 64360 64373 64398 64455 64475 64491 64494 64505 64565 64623 64626 64636 64669 64674 64704 64712 64848 64862 64888 64899 64915 64938 64972 65064 65125 65147 65163 65177 65197 65208 65242 65258 65302 65317 65338 65380 65382 65383 65398 65470 65480 65530 65534 65627 65685 65691 65797 65801 65809 65833 65842 65843 65847 66023 66106 66140 66170 66176 66212 66238 66249 66392 66442 66450 66459 66493 66579 66592 66622 66625 66628 66662 66669 66679 66727 66736 66747 66769 66787 66806 66819 66821 66841 66851 66906 66941 66951 66985 66988 67032 67042 67096 67265 67308 67342 67374 67581 67622 67647 67654 67664 67693 67735 67740 67747 67808 67819 67911 67914 68041 68137 68139 68181 68207 68268 68274 68333 68424 68428 68432 68491 68498 68514 68519 68576 68582 68649 68666 68954 68968 68996 68999 69002 69106 69126 69143 69234 69241 69331 69343 69355 69360 69439 69449 69457 69476 69488 69512 69538 69576 69628 69636 69668 69708 69795 69842 69891 69902 69982 70039 70044 70097 70129 70133 70177 70187 70227 70231 70240 70272 70321 70337 70370 70383 70411 70422 70441 70454 70551 70565 70577 70611 70619 70695 70698 70717 70831 70910 70916 70928 71016 71045 71070 71093 71152 71207 71214 71244 71302 71370 71422 71446 71486 71489 71498 71510 71566 71666 71671 71738 71801 71810 71820 71828 71839 71897 71931 71941 71952 71984 72088 72143 72158 72209 72216 72218 72247 72261 72267 72331 72336 72363 72381 72498 72521 72532 72664 72668 72669 72702 72757 72771 72787 72852 73043 73067 73089 73128 73162 73209 73285 73323 73328 73340 73400 73402 73427 73452 73459 73491 73538 73542 73577 73598 73600 73675 73692 73719 73776 73790 73802 73816 73821 73850 73851 73869 73948 73972 73985 73999 74000 74050 74061 74067 74096 74221 74230 74254 74256 74391 74428 74482 74647 74681 74691 74741 74770 74801 74900 74914 74919 74923 74924 74932 75016 75044 75049 75076 75088 75110 75113 75159 75173 75188 75211 75427 75438 75499 75500 75511 75538 75539 75571 75625 75644 75650 75717 75755 75757 75793 75801 75806 75850 75931 76068 76108 76134 76136 76172 76199 76254 76280 76329 76373 76385 76398 76424 76431 76478 76518 76543 76555 76587 76595 76599 76630 76642 76687 76838 76858 76870 76892 76921 77103 77115 77169 77254 77278 77330 77392 77412 77458 77513 77562 77577 77587 77666 77671 77674 77679 77699 77733 77780 77784 77803 77814 77837 77842 77845 77862 77880 78003 78023 78070 78072 78076 78122 78124 78155 78194 78204 78211 78222 78247 78305 78384 78391 78392 78480 78496 78512 78540 78575 78614 78620 78660 78703 78743 78745 78806 78832 78954 78971 79034 79043 79060 79075 79125 79153 79158 79192 79230 79270 79272 79284 79311 79426 79467 79468 79475 79480 79481 79502 79534 79544 79564 79582 79603 79607 79657 79680 79723 79761 79818 79898 79902 80038 80052 80076 80141 80156 80283 80292 80322 80337 80348 80374 80394 80443 80644 80690 80699 80708 80713 80731 80773 80816 80845 80849 80897 80921 80923 80989 80999 81004 81007 81086 81130 81133 81165 81172 81176 81190 81217 81221 81294 81307 81495 81504 81509 81553 81663 81668 81696 81699 81738 81740 81769 81794 81809 81846 81861 81880 81885 82056 82168 82180 82185 82280 82313 82343 82401 82479 82509 82547 82611 82622 82626 82642 82656 82672 82683 82825 82836 82900 82906 82996 83001 83034 83036 83038 83040 83072 83080 83117 83160 83176 83195 83298 83322 83360 83366 83372 83431 83433 83448 83457 83470 83471 83493 83508 83509 83536 83537 83569 83584 83655 83726 83732 83737 83752 83797 83800 83846 83870 84018 84023 84105 84192 84234 84279 84310 84384 84412 84436 84457 84463 84491 84520 84606 84627 84645 84748 84756 84768 84821 84830 84852 84882 84891 84895 84907 84956 84972 84974 84997 85050 85087 85126 85145 85194 85196 85255 85346 85385 85418 85489 85523 85570 85597 85613 85636 85653 85667 85680 85701 85715 85759 85913 85997 85999 86017 86021 86033 86043 86067 86091 86110 86111 86121 86161 86218 86261 86303 86332 86338 86343 86350 86386 86412 86470 86480 86481 86498 86571 86604 86612 86613 86620 86633 86668 86679 86684 86746 86762 86769 86792 86817 86829 86896 86985 86996 87000 87028 87096 87120 87133 87187 87241 87243 87249 87263 87338 87433 87446 87516 87577 87632 87682 87693 87720 87755 87779 87843 87852 87893 87907 87916 87980 88028 88035 88042 88099 88110 88160 88210 88226 88265 88292 88293 88314 88325 88396 88428 88468 88487 88489 88535 88604 88638 88646 88725 88786 88788 88792 88805 88828 88871 88883 88953 88985 89042 89094 89127 89144 89156 89160 89189 89192 89213 89224 89244 89279 89282 89290 89292 89321 89323 89331 89337 89351 89362 89363 89368 89432 89460 89465 89520 89536 89556 89569 89582 89674 89743 89761 89867 89889 89919 89921 89923 89939 89941 90019 90035 90067 90096 90121 90180 90190 90262 90302 90432 90518 90531 90533 90549 90569 90622 90628 90632 90634 90674 90701 90744 90769 90792 90807 90811 90948 91154 91157 91162 91168 91223 91241 91263 91279 91294 91303 91308 91364 91549 91599 91675 91676 91701 91756 91849 91877 91902 91950 91958 92053 92103 92129 92134 92142 92165 92181 92212 92218 92228 92259 92264 92279 92393 92439 92455 92548 92550 92566 92632 92640 92642 92666 92708 92775 92831 92866 92871 92949 92953 92985 93043 93081 93106 93115 93117 93260 93325 93343 93378 93387 93398 93410 93459 93471 93494 93514 93519 93543 93552 93608 93715 93716 93790 93801 93810 93811 93833 93848 93853 93891 93930 94038 94082 94084 94135 94207 94264 94269 94271 94347 94391 94402 94438 94457 94494 94542 94557 94585 94608 94614 94615 94682 94708 94721 94730 94819 94922 94923 94926 94963 94982 95003 95035 95038 95080 95105 95176 95197 95309 95314 95335 95400 95413 95421 95456 95489 95508 95517 95534 95536 95586 95621 95634 95688 95715 95724 95808 95814 95902 95914 95915 95925 95928 95955 95983 95990 96000 96004 96006 96020 96079 96099 96128 96147 96257 96261 96356 96367 96430 96445 96458 96479 96483 96512 96528 96638 96655 96682 96695 96725 96831 96845 96848 96919 96971 96977 97046 97084 97105 97122 97145 97160 97181 97184 97220 97273 97373 97395 97405 97444 97483 97494 97533 97535 97577 97619 97645 97661 97710 97723 97758 97793 97808 97837 97844 97919 97963 98005 98011 98017 98047 98050 98067 98073 98076 98098 98101 98118 98238 98242 98306 98375 98444 98449 98450 98464 98492 98534 98629 98732 98744 98762 98764 98771 98778 98791 98858 98881 98909 98922 98971 98983 98997 99023 99066 99102 99131 99142 99192 99237 99253 99265 99276 99310 99350 99433 99437 99525 99579 99584 99617 99640 99645 99732 99742 99770 99784 99799 99802 99879 99817 
OK
OK
OK
